# GFS Ensemble (GEFS) relative AAM forecast anomaly
# Source: NOAA GEFS via AWS S3 open data
# Averaging: 3 six-hourly snapshots per day (f006/f012/f024 pattern)
# Bias correction: linear ramp bias correction applied (day1=ERA5-anchored, day7=free)
# Units: standardised sigma departures from ERA5 1980-2010 climatology
# Generated: 2026-09-29
# Lats: 90.00 87.50 85.00 82.50 80.00 77.50 75.00 72.50 70.00 67.50 65.00 62.50 60.00 57.50 55.00 52.50 50.00 47.50 45.00 42.50 40.00 37.50 35.00 32.50 30.00 27.50 25.00 22.50 20.00 17.50 15.00 12.50 10.00 7.50 5.00 2.50 0.00 -2.50 -5.00 -7.50 -10.00 -12.50 -15.00 -17.50 -20.00 -22.50 -25.00 -27.50 -30.00 -32.50 -35.00 -37.50 -40.00 -42.50 -45.00 -47.50 -50.00 -52.50 -55.00 -57.50 -60.00 -62.50 -65.00 -67.50 -70.00 -72.50 -75.00 -77.50 -80.00 -82.50 -85.00 -87.50 -90.00
# Field: Ensemble mean
2026.09.29    4.0000  -0.2747   0.3358   1.0253   1.2711   1.2642   1.2541   1.1946   0.7015   0.5776   0.1859  -0.1105  -0.2881  -0.1387   0.0455   0.1328   0.2619   0.4011   0.2024  -0.4635  -1.0179  -1.5443  -1.3545  -0.9960  -0.6338  -0.3497  -0.1172   0.0080   0.3193   0.8602   1.5580   2.4668   3.3886   3.2956   3.0144   2.6729   2.3033   2.0332   2.0744   2.3454   2.5106   2.5277   2.0597   1.4940   0.9364   0.4725   0.5391   0.9559   1.5255   1.8181   1.4239   1.1929   0.6073  -0.0241  -0.3317  -0.3342   0.0473   0.3339   0.6060   0.7012   0.9673   1.3613   1.5498   1.1620   0.7751   0.4519   0.3220   0.5352   0.6083   0.3561  -0.1349  -0.8653   4.0000
2026.09.30    3.7860  -0.7093  -0.3423   0.4388   1.1145   0.9876   0.5365   0.4081   0.2704   0.5958   0.0871  -0.7661  -1.1039  -0.6660   0.1395   0.4100   0.8069   1.1536   1.0121   0.2055  -0.8598  -1.6153  -1.4227  -1.0881  -0.7225  -0.6146  -0.6345  -0.3730  -0.2565   0.7749   1.9251   2.6019   3.2996   2.9355   2.7496   2.3958   2.0288   1.9599   1.9139   2.1664   2.3247   2.1797   1.6971   1.2900   0.9922   0.4940   0.3118   0.4749   0.9871   1.5270   1.3965   1.1104   0.4445  -0.1210   0.0316   0.5360   1.0843   1.1470   0.8767   0.5577   0.4480   0.3274   0.4497   0.3874   0.1876   0.1526   0.2730   0.2874   0.1967  -0.0502  -0.5001  -1.9030   2.8611
2026.10.01    3.3864  -1.2113  -1.2281  -0.8765  -0.3011  -0.1487  -0.1988  -0.2102   0.0247   0.7075   0.2258  -0.3464  -0.1760  -0.0994   0.0291   0.2389   0.8731   1.2423   0.9333   0.0936  -0.7327  -1.2733  -1.2122  -1.1073  -0.8067  -0.8670  -0.9290  -0.7039  -0.2364   0.9615   1.8687   2.6998   3.1536   2.6723   2.5378   2.1237   1.7817   1.6471   1.6794   1.9824   1.9463   1.7114   1.3448   0.9357   0.6323   0.1274   0.1088   0.4037   1.2032   1.5294   0.9913   0.5966   0.2776   0.1589   0.5668   1.2648   1.9241   1.8921   1.4130   0.6401   0.0486  -0.4298  -0.5142  -0.4796  -0.5184  -0.4501  -0.0919   0.0729   0.2536   0.3304  -0.0694  -0.9175   2.9157
2026.10.02    1.6962  -1.2438  -1.2835  -0.8897  -0.5395  -0.3097  -0.0243   0.2364   0.4363   0.9981   0.7436   0.2332   0.2292   0.2506   0.4336   0.6130   0.8097   0.8286   0.2266  -0.4310  -0.7593  -1.1038  -1.1332  -1.2442  -1.0759  -1.0406  -1.2110  -0.9868   0.1145   1.5603   2.2972   2.9067   3.1971   2.6509   2.4832   2.0935   1.7360   1.4586   1.3598   1.3747   1.2914   1.2849   1.0875   0.8781   0.7768   0.6457   0.8434   0.9172   0.8067   0.3729  -0.0336   0.0735   0.1837   0.4257   0.9931   1.4926   1.7845   1.5657   1.2436   0.7022   0.2761  -0.0984  -0.2960  -0.9389  -1.2435  -0.9275  -0.0595   0.6845   1.0165   1.0330   0.5786  -0.2003   1.8242
2026.10.03    1.1587  -0.7057  -0.7162  -0.5781  -0.4622  -0.3516  -0.1509   0.2217   0.7384   1.2227   0.8988   0.5739   0.5840   0.8622   1.1968   1.1885   0.9050   0.4870  -0.2388  -0.9423  -1.2742  -1.1233  -0.9660  -1.2366  -1.2559  -1.1651  -1.3398  -0.9605   0.3440   1.8252   2.4084   2.9666   3.1676   2.7213   2.5109   2.1799   1.7569   1.3742   1.0804   0.8368   0.7690   0.8696   0.9540   1.0853   1.1341   0.9452   0.6067   0.0619  -0.4600  -0.6113  -0.4451   0.0597   0.4240   0.8237   1.2829   1.4141   1.4320   1.1760   0.8777   0.4564   0.2051   0.0570  -0.1169  -0.5227  -0.6607  -0.3388   0.3324   0.9066   1.0066   0.8736   0.6035   0.1152   1.5323
2026.10.04    0.3796  -0.3886  -0.4515  -0.5824  -0.7234  -0.7830  -0.6174  -0.0941   0.6224   1.1973   1.0650   0.7726   0.8326   1.1288   1.3687   1.4170   1.3240   0.8703   0.1479  -0.6660  -1.1415  -1.2509  -1.2512  -1.4418  -1.4147  -1.2508  -1.1386  -0.4992   0.5219   1.6560   2.4908   3.1091   3.2389   2.6851   2.4194   2.1498   1.6643   1.1308   0.6913   0.4619   0.4882   0.6442   0.7932   1.0057   1.0103   0.8412   0.4580  -0.1853  -0.8364  -0.9099  -0.5515   0.0054   0.5538   1.0669   1.4751   1.6409   1.4752   0.9476   0.4260  -0.0548  -0.3037  -0.3596  -0.3450  -0.3258  -0.2642  -0.1198   0.1193   0.2746   0.0667  -0.1936  -0.4009  -0.6410   0.1851
2026.10.05   -0.2229  -0.3636  -0.4700  -0.5550  -0.6858  -0.8447  -0.7595  -0.3231   0.1765   0.7470   1.0689   1.2114   1.3867   1.4243   1.3292   1.1338   0.8744   0.5677   0.2153  -0.1549  -0.5855  -1.0365  -1.2701  -1.4282  -1.4420  -1.3109  -0.8432  -0.1675   0.6738   1.7641   2.6306   3.3503   3.5158   2.8608   2.4028   2.0992   1.5302   0.8345   0.3499   0.1992   0.2492   0.4138   0.5245   0.7264   0.9745   1.1234   0.9259   0.2574  -0.7070  -1.1857  -0.9520  -0.4112   0.1709   0.6346   0.9114   1.0029   0.9322   0.7296   0.4436   0.1724  -0.0435  -0.1787  -0.3376  -0.4399  -0.3650  -0.1252  -0.2561  -0.6921  -1.0514  -1.0044  -0.6640  -0.3787  -0.6675
