# Relative AAM anomaly by latitude — ERA5 reanalysis + GFS f000 gap-fill
# Source: ECMWF Copernicus CDS (ERA5) + NOAA AWS S3 (GFS f000 analysis)
# Climatology base: 1980–2010 (31-day centred smoothing)
# Units: standardised sigma departures
# Generated: 2026-10-10
# Lats: 90.00 87.50 85.00 82.50 80.00 77.50 75.00 72.50 70.00 67.50 65.00 62.50 60.00 57.50 55.00 52.50 50.00 47.50 45.00 42.50 40.00 37.50 35.00 32.50 30.00 27.50 25.00 22.50 20.00 17.50 15.00 12.50 10.00 7.50 5.00 2.50 0.00 -2.50 -5.00 -7.50 -10.00 -12.50 -15.00 -17.50 -20.00 -22.50 -25.00 -27.50 -30.00 -32.50 -35.00 -37.50 -40.00 -42.50 -45.00 -47.50 -50.00 -52.50 -55.00 -57.50 -60.00 -62.50 -65.00 -67.50 -70.00 -72.50 -75.00 -77.50 -80.00 -82.50 -85.00 -87.50 -90.00
2026.08.11   -4.0000  -0.3306  -0.5506  -0.8593  -1.2377  -1.0799  -0.3692   0.0792   0.2113   0.0152  -0.3309  -0.1679  -0.3040  -0.5556  -0.4213   0.2133   0.1389  -0.5843  -1.0457  -1.2152  -1.1466  -0.8011  -0.4658  -0.1491   0.1854   1.3089   1.9340   1.8598   1.7130   1.5864   1.0918   0.8049   1.2143   1.3975   1.8093   1.9681   1.4921   1.0024   0.5055   0.3396   0.3903   0.6989   1.2582   1.7514   1.8413   1.8036   1.5592   1.1089   0.6047   0.0648  -0.5770  -0.8419  -0.9960  -1.0673  -0.7860   0.0134   0.8161   1.1184   1.1867   0.9954   0.5896   0.1391  -0.2474  -0.8474  -1.2559  -1.1468  -0.5587  -0.0681   0.2828  -0.1944  -0.8974  -0.8522   4.0000
2026.08.12   -4.0000  -1.1198  -1.2484  -1.4528  -1.5046  -1.1658  -0.3648   0.3094   0.2880  -0.2234  -0.6429  -0.8309  -0.7744  -0.4291  -0.1980  -0.0379  -0.0584  -0.3604  -0.8075  -1.0830  -1.1627  -0.6543  -0.0439   0.3687   0.8584   1.2869   1.6354   2.1808   2.1416   1.8026   1.0792   0.3994   0.6172   1.1560   1.8981   2.0303   1.7780   1.4070   0.7645   0.3235   0.4082   0.9044   1.6870   2.3441   2.6347   2.7307   2.3913   1.8110   0.8112  -0.0793  -0.7040  -0.8571  -0.8416  -0.7597  -0.4014   0.0059   0.3420   0.4770   0.5942   0.4018  -0.0434  -0.5406  -0.8193  -0.8907  -0.5088  -0.0646   0.2193   0.1985   0.5885   0.7502   0.7301   0.5605   4.0000
2026.08.13   -4.0000  -0.6935  -0.8912  -0.7278  -0.5114  -0.4768  -0.2850   0.1233   0.2526  -0.2485  -0.8546  -1.0348  -0.7729  -0.5442  -0.6352  -0.6470  -0.6127  -0.5589  -0.3185  -0.4120  -0.4600   0.0363   0.4514   0.7376   1.1274   1.2653   1.2558   1.8399   1.8098   1.4832   0.7308   0.0549   0.1802   0.8140   1.8424   2.1123   1.8463   1.5240   0.9717   0.7072   0.7086   1.3071   2.1945   2.7951   3.0038   3.1847   3.0245   2.5147   1.5264   0.4198  -0.3544  -0.5928  -0.4853  -0.4549  -0.2787  -0.3178  -0.6364  -0.7115  -0.5972  -0.5240  -0.3380  -0.5009  -0.7750  -0.6461  -0.5896  -0.0565   0.8798   1.7949   2.1585   1.8587   1.5992   1.6002   4.0000
2026.08.14   -4.0000   0.1130  -0.1522   0.2332   0.2207   0.0287  -0.1038  -0.1279  -0.1340  -0.1331  -0.0737  -0.5119  -0.7880  -0.7150  -0.6276  -0.4642  -0.6747  -0.8528  -0.7427  -0.3090   0.1251   0.3782   0.6725   1.0039   1.1520   1.7262   1.3880   1.2088   1.0019   0.8718   0.5002  -0.2586  -0.2260   0.5770   1.7876   2.4358   2.2865   1.6686   1.1436   0.8879   1.0594   1.7283   2.4364   2.7281   2.9257   3.1689   3.2964   2.9325   1.9377   0.3512  -0.2540  -0.4412  -0.3774  -0.1884  -0.2219  -0.4633  -0.8145  -1.1476  -1.1498  -1.0235  -0.7836  -0.4860  -0.1753   0.1964   0.0038  -0.1631   0.0261   1.0043   1.9232   2.2866   1.9258   1.7484   4.0000
2026.08.15   -4.0000   0.4735   0.4056   0.6567   0.7125   0.8418   0.3740  -0.6893  -1.0478  -0.9224  -0.7102  -0.5917  -0.1413   0.3016   0.1824  -0.0679  -0.2011  -0.4184  -1.0551  -1.2315  -0.5448   0.1099   0.5915   1.0150   1.4421   2.0697   1.7531   1.0826   0.5604   0.5249   0.4834  -0.0808  -0.4384   0.5166   1.7106   2.3071   2.1333   1.6569   1.3100   1.1849   1.3781   1.8846   2.4171   2.6650   2.9330   3.1074   3.1711   2.5452   1.1850  -0.1365  -0.6058  -0.6234  -0.5095  -0.2989  -0.0240   0.1228  -0.1458  -0.5621  -0.8806  -0.9710  -0.6793  -0.4546  -0.2684  -0.1253  -0.0517   0.1713   0.5133   1.0608   1.4465   1.5924   1.0264   0.7664  -4.0000
2026.08.16   -4.0000   0.0303   0.3567   1.1672   1.4452   1.2606   0.7776  -0.3749  -1.8017  -2.3835  -1.7090  -0.9660  -0.0124   0.6693   0.9793   1.0967   1.0332   0.4222  -0.7719  -1.8690  -1.5462  -0.9085  -0.1740   0.7742   1.9185   2.4451   1.5338   0.5016   0.6275   0.6747   0.5033  -0.0400  -0.1470   0.6133   1.8595   2.0447   2.0102   1.7168   1.4440   1.3711   1.5094   1.8364   2.2442   2.4877   2.6321   2.5248   2.1417   1.5303   0.8125  -0.1819  -0.6857  -0.8093  -0.8125  -0.6968  -0.3257   0.1747   0.5578   0.6337   0.5599   0.6502   0.3469  -0.3748  -1.1488  -1.1096  -0.5876   0.3988   0.9274   0.7569   0.5719   0.5381   0.3175   0.1653  -4.0000
2026.08.17    4.0000  -0.1426   0.6680   1.4958   1.8331   1.4970   0.4730  -0.8044  -1.9277  -2.2007  -1.9778  -1.4490  -0.6139   0.5277   2.0989   2.7054   1.7578   0.4227  -0.7926  -1.6244  -1.7437  -1.1979  -0.6248   0.1755   1.3094   1.9810   1.3492   0.7012   0.5693   0.6216   0.3939  -0.0570   0.0407   1.1700   1.9989   2.0717   1.9578   1.8480   1.6349   1.5297   1.4558   1.6749   1.8138   1.7868   1.5288   1.1407   0.8824   0.8032   0.7397   0.1269  -0.2557  -0.1876  -0.0567   0.0529   0.0770   0.1392   0.2113   0.5052   0.7634   0.7557   0.5535   0.2224  -0.2646  -0.6232  -0.3943   0.3863   0.6585   0.7198   0.8917   0.5929   0.2083   0.0554  -4.0000
2026.08.18    4.0000  -0.0763   0.4636   1.6738   2.0490   1.4562   0.2696  -0.8188  -1.8077  -1.8862  -1.4474  -1.2179  -0.3383   0.8104   1.8445   2.2806   1.7835   0.5376  -0.5128  -0.8761  -1.4673  -1.7182  -0.8190   0.0081   0.7523   1.2968   1.3588   0.6582   0.4716   0.6617   0.4860  -0.1890   0.1340   1.4621   2.5350   2.4735   2.0706   1.6898   1.4437   1.2269   1.0425   0.8070   0.7049   0.7928   0.7278   0.6820   0.5482   0.6084   0.5465   0.3551   0.4318   0.5751   0.7381   0.5580   0.2617   0.0821   0.1082   0.4372   0.6140   0.6440   0.5839   0.4116   0.1805  -0.2580  -0.3460   0.0093   0.7244   1.2049   0.7848   0.2992  -0.0294  -0.4386  -4.0000
2026.08.19    4.0000   0.8071   1.0945   1.1195   1.1481   1.5090   0.9403  -0.2109  -1.0825  -1.2839  -1.1169  -0.9644  -0.4455   0.0348   1.1016   1.6331   1.1706   0.4159   0.0434  -0.1782  -0.7289  -1.2177  -1.1142  -0.1404   0.4877   1.0158   1.2607   0.9527   0.8252   0.7967   0.5803  -0.1825   0.3983   1.9048   2.5351   2.2503   1.8155   1.5465   1.1490   0.9327   0.6371   0.2721   0.0218   0.0948   0.2035   0.4064   0.7016   0.9958   1.0240   1.0103   1.1410   1.0868   0.9770   0.7879   0.6999   0.4708   0.4089   0.4832   0.4637   0.5174   0.3254  -0.0428  -0.3087  -0.4861  -0.1950   0.3839   0.8133   1.2241   1.2338   1.0203   0.4093  -0.0253   4.0000
2026.08.20    4.0000   0.8119   1.0865   1.2870   1.0885   0.9051   0.6432   0.0786  -0.1772  -0.5213  -0.9605  -0.4900  -0.3068   0.2011   0.6617   0.9286   0.8945   0.4927  -0.0348  -0.5960  -0.4312  -0.4448  -0.6251  -0.5571   0.0342   0.7575   1.0960   1.6505   1.1589   0.7053   0.2554  -0.1302   0.7825   1.8438   2.4508   1.9544   1.5762   1.2516   0.9207   0.6999   0.3037   0.0162  -0.1429  -0.0113   0.3599   0.7926   1.3872   1.7777   1.5672   1.0132   0.9263   1.0993   1.3911   1.6741   1.5102   0.8170   0.1762  -0.0505  -0.2905  -0.5916  -0.9574  -1.0053  -0.5188   0.4036   1.4313   1.8016   1.7627   1.4542   1.1336   0.9131   0.5915   0.6250   4.0000
2026.08.21    4.0000   0.4386   1.0621   1.0485   0.8380   0.5741   0.4345   0.0232  -0.1553  -0.1875  -0.5448  -0.2876   0.3950   1.0624   1.2385   0.8592   0.0098  -0.5631  -0.8045  -0.7046  -0.1490  -0.0925  -0.6239  -0.8246  -0.0247   0.8622   1.6578   1.7374   1.2483   0.6429   0.6725   0.5757   1.1484   1.7441   2.2097   2.0899   1.5564   1.1386   0.8964   0.5327   0.2169   0.0184  -0.0095   0.3090   0.7778   1.3597   2.0089   2.2657   1.9856   1.3879   1.2454   1.5589   1.8877   1.9185   1.5281   0.6349  -0.5582  -1.1111  -1.2408  -1.3350  -1.1185  -0.8501  -0.5592   0.0974   0.8359   1.2895   1.8170   1.9952   1.4569   0.9343   0.7549   0.7225   4.0000
2026.08.22   -4.0000  -0.2839  -0.3268   0.1193   0.3704   0.6398   0.9102   0.6066   0.0940  -0.1676  -0.1800  -0.1918   0.3849   1.0597   1.1545   0.7309   0.1430  -0.7137  -1.2903  -1.0954  -0.3481  -0.0653  -0.2144  -0.4519  -0.0383   1.0730   1.4149   1.2654   1.2576   1.2706   0.7509   0.7679   1.1716   1.5080   1.7540   1.8857   1.4758   1.0666   0.8512   0.6227   0.4216   0.1795   0.3559   0.5975   0.8541   1.2398   1.7839   2.2761   2.0532   1.6128   1.5962   1.7103   1.8772   1.9147   1.7064   0.9781  -0.2610  -1.3430  -1.5762  -1.6408  -1.6342  -1.3472  -0.7616  -0.2060   0.4616   1.2803   1.7663   1.7377   1.9438   2.1075   1.7617   1.0973  -4.0000
2026.08.23    4.0000  -0.5739  -0.6928  -0.6741  -0.0528   0.9595   1.6126   1.3087   0.3873  -0.2528  -0.3263  -0.4277  -0.1509   0.3651   0.6676   0.5718   0.3712   0.1291  -0.3172  -0.7207  -0.7481  -0.5934  -0.3678  -0.2047  -0.0193   0.1961   0.6961   1.2597   1.7367   1.3402   1.0468   0.8094   0.7926   1.4541   2.0966   2.0039   1.4615   0.8047   0.5635   0.6160   0.4428   0.3711   0.5172   0.6195   0.7601   1.0663   1.5769   1.9187   1.6840   1.6703   1.6366   1.6598   1.7962   1.9143   1.7524   0.9684  -0.0869  -0.9264  -1.5512  -1.9367  -1.8049  -1.3802  -0.7772  -0.1681   0.7467   1.6621   2.2257   2.4997   2.3892   2.4892   1.9520   1.4039   4.0000
2026.08.24    4.0000  -0.3680  -0.3006  -0.1759   0.5744   1.1080   1.1374   1.2026   1.2103   0.5651  -0.1133  -0.3859  -0.2204  -0.3058  -0.4732  -0.5439  -0.1701   0.1423   0.0686  -0.1324   0.0378  -0.2297  -0.6711  -0.4493  -0.1861  -0.1499   0.7224   1.5476   1.4178   1.3429   1.0167   0.6817   1.1064   1.8415   2.4425   1.9822   1.2100   0.7061   0.4391   0.2740   0.3441   0.4306   0.5439   0.7029   0.8466   1.0121   1.3476   1.6155   1.5467   1.7334   1.9945   2.2269   2.2469   2.1849   1.6816   0.7747  -0.4635  -1.3933  -1.6397  -1.7894  -1.7225  -1.5910  -1.3243  -0.7577   0.3739   1.8206   3.3481   3.8326   3.3990   2.7643   2.1366   2.1238   4.0000
2026.08.25    4.0000   1.1069   1.0848   0.7550   0.4651   0.4461   0.9186   1.5972   1.5849   1.0983   0.4245  -0.0773  -0.2758  -0.6936  -1.0535  -1.0375  -0.7853  -0.3727   0.1818   0.4922   0.5560  -0.0291  -0.6925  -0.7310  -0.7995  -0.3433   0.8438   1.2301   1.4255   1.3948   1.2943   1.0981   1.6965   2.4453   2.5346   1.8837   1.1165   0.5259   0.1168  -0.0634   0.0675   0.1858   0.4561   0.7343   0.9157   1.2243   1.6499   1.9577   2.1492   2.1303   2.1628   2.4625   2.5818   2.2313   1.3023   0.3065  -0.8626  -1.6922  -2.1447  -2.0471  -1.7981  -1.5711  -1.3235  -0.5671   0.4138   1.6381   2.9578   3.1879   2.7163   1.9931   1.7555   1.7305   4.0000
2026.08.26    4.0000  -0.8000  -0.1882   0.5691   0.7436   0.5734   0.8112   1.6441   1.7273   1.2015   0.5805   0.0558  -0.3790  -0.6344  -1.1729  -1.2602  -1.1012  -0.6262   0.3235   0.6259   0.6369   0.3610  -0.1462  -0.7745  -1.3727  -0.4984   0.4156   1.1285   1.5189   1.4824   1.5706   1.2211   1.7134   2.1712   2.2387   1.7592   1.2158   0.5897   0.1241  -0.0868  -0.0954  -0.0267   0.4346   0.8321   1.0859   1.5964   1.9650   2.0319   1.9202   2.0354   2.1450   2.3890   2.2160   1.6211   0.7210  -0.1587  -0.9584  -1.2882  -1.3746  -1.4857  -1.4208  -1.1214  -0.7668  -0.4823   0.1873   0.5145   0.9940   0.9075   1.0243   1.2844   1.3377   1.0413   4.0000
2026.08.27    4.0000   1.1752   1.0348   0.7791   0.5310   0.2950   0.3374   1.0048   1.4679   1.2214   0.3945  -0.3601  -0.7558  -0.3933  -0.2663  -0.6272  -0.7893  -0.4356   0.3104   0.5556   0.5414   0.3090  -0.3091  -1.0115  -1.3728  -0.6406   0.0427   1.1809   1.7741   1.5764   1.6251   1.6543   2.0263   2.3502   2.3642   1.8542   1.2544   0.6465   0.1650  -0.0651   0.0047   0.0593   0.4786   0.9448   1.2981   1.5655   1.6435   1.9034   2.0831   1.5693   1.1752   1.2597   1.2052   0.8632   0.7056   0.6190   0.3718  -0.2087  -0.8201  -1.0311  -1.1964  -1.2295  -0.6824  -0.1239   0.1464   0.0859  -0.0235  -0.1613  -0.2305  -0.1237   0.1035   0.1884   4.0000
2026.08.28    4.0000  -0.1480   0.1907   0.2355   0.3829   0.3816   0.4408   0.5212   0.5395   0.5996   0.4518  -0.1138  -0.6656  -0.5028   0.1522   0.1792   0.0056  -0.1047   0.4010   0.5427   0.0119  -0.3447  -0.5745  -1.0704  -1.2319  -0.9312  -0.1252   1.0029   1.6444   1.7253   1.4738   1.6064   1.7063   2.2918   2.6328   2.1669   1.5497   0.8447   0.1328  -0.1468  -0.1012   0.2254   0.6218   0.9676   1.1976   1.4435   1.7674   1.8244   1.1490   0.4403   0.1117   0.0560   0.2395   0.8015   1.4158   1.6317   1.3204   0.7595  -0.0728  -0.8783  -1.0054  -0.5939  -0.3930  -0.3823  -0.5483  -0.4071  -0.2201  -0.5447  -0.3235   0.0627   0.3601   0.4175   4.0000
2026.08.29    4.0000   1.2777   1.0281   0.8578   0.7886   0.7589   0.1775  -0.0446  -0.0797  -0.0851   0.0773  -0.2314  -0.3430  -0.0476  -0.0279   0.0577   0.6648   0.7676   0.4323  -0.1505  -0.4971  -0.4477  -0.5333  -0.6002  -0.9559  -0.7582  -0.1700   0.5574   1.5205   1.9604   1.8214   1.5222   1.6874   2.5643   2.6742   2.2194   1.5568   0.8709   0.1683  -0.1971  -0.0757   0.1321   0.4148   0.6845   0.8815   1.2390   1.6426   1.3366   0.2701  -0.5965  -0.6544  -0.0410   0.7761   1.5441   2.2143   2.4117   1.9713   1.3233   0.2955  -0.8191  -1.0261  -0.7396  -0.5575  -0.8264  -1.1417  -0.9798  -0.6281  -0.1249   0.2768   0.2116   0.1256   0.3043   4.0000
2026.08.30    4.0000   2.9799   1.6687   0.7597   0.4691   0.4257   0.5065   0.2467  -0.1031  -0.5390  -0.4833  -0.3714  -0.0377  -0.2064  -0.3078   0.0785   0.7624   0.9562   0.6174   0.2279  -0.4313  -0.6148  -0.4025  -0.5918  -0.5676  -0.3960  -0.1683   0.4106   1.2507   2.1197   2.1965   1.4695   1.6462   2.5644   2.7431   2.2733   1.5929   0.8487   0.1023  -0.3062  -0.3446  -0.2326   0.0213   0.4254   0.7104   0.7545   0.3409  -0.1755  -0.3180   0.0361   0.5421   1.1411   1.9371   2.4774   2.7320   2.5945   1.7295   0.9447   0.3479  -0.3309  -0.6559  -0.7697  -1.0600  -1.7452  -2.2063  -2.3739  -1.9654  -0.7443   0.4256   0.7759   0.2647  -0.3509   4.0000
2026.08.31    4.0000   1.1470   0.9701   0.7424   0.4018  -0.0039   0.0209   0.3040   0.2887  -0.1120  -0.3857  -0.4263  -0.0928   0.0774   0.2854   0.2790   0.3432   0.6126   0.6510   0.5123  -0.2917  -0.9183  -0.8375  -0.7708  -0.5399   0.0217   0.1920   0.6418   1.4376   1.8787   1.9976   1.5370   1.7091   2.2535   2.5986   2.1202   1.5068   0.8122   0.0726  -0.4469  -0.5107  -0.4751  -0.2969  -0.1547  -0.2484  -0.3992  -0.5700  -0.4774  -0.1370   0.5713   1.4636   2.2617   3.0733   3.4718   3.1564   2.3781   1.6046   1.0269   0.2925  -0.4926  -0.9498  -1.0735  -1.3755  -1.7149  -2.0074  -2.1476  -2.7451  -2.8911  -2.3123  -1.1070  -0.2352   0.1364   4.0000
2026.09.01    4.0000   0.1016   0.0463   0.2386   0.0936  -0.0168   0.2559   0.7090   0.8713   0.4780   0.0224  -0.2409  -0.3046  -0.2443  -0.0839   0.2983   0.5515   0.3145   0.0710   0.0062   0.1205  -0.2213  -0.6409  -0.5414  -0.0554   0.5580   0.5945   0.7684   1.3166   1.5892   1.5801   1.9047   1.9035   2.3952   2.5589   1.9392   1.4057   0.6294  -0.0884  -0.7495  -0.7518  -0.7376  -0.7856  -0.7354  -0.6110  -0.4657  -0.2118  -0.1176   0.1785   0.8312   1.8027   2.6926   3.2319   3.1893   3.0614   2.6462   1.7391   0.7853   0.2879  -0.0179  -0.8053  -1.4704  -1.8442  -2.4417  -2.5189  -2.2234  -1.8173  -1.4249  -0.7666   0.1112   0.5000   0.4302   4.0000
2026.09.02    4.0000  -0.5231  -0.4693  -0.2625  -0.1029  -0.1433   0.0940   0.3216   0.5655   0.8064   0.7455   0.3740  -0.2101  -0.4151  -0.5403  -0.3437   0.0148  -0.0559   0.0784   0.5219   0.7950   0.4682  -0.0844  -0.1603   0.1740   0.3274   0.6484   0.8603   0.7262   1.3771   1.6812   1.7523   1.9431   2.6126   2.4599   1.8089   1.2597   0.6932   0.0935  -0.3878  -0.6056  -0.6651  -0.6255  -0.4704  -0.4779  -0.4179  -0.0942   0.2072   0.6008   1.4133   2.0936   2.3532   2.3655   2.0779   1.9597   1.9358   2.1447   1.8027   1.0245  -0.0511  -0.9074  -1.7656  -2.3545  -2.3199  -2.0150  -1.7189  -0.9080   0.4575   1.8114   2.3725   2.6919   3.0606   4.0000
2026.09.03   -4.0000  -0.3790  -0.2505  -0.0635   0.1186   0.0070   0.0044   0.3795   0.6208   0.5536  -0.0100  -0.0930   0.0985   0.0118  -0.2616  -0.4344  -0.5115  -0.3753  -0.0406   0.5251   0.8498   0.7898   0.6151   0.3279  -0.0182  -0.0140   0.0264   0.5716   0.5173   1.6820   1.5343   1.4361   1.6191   2.2961   2.2000   1.6444   1.1353   0.7237   0.3288   0.1001  -0.0285  -0.0880  -0.0661   0.0121  -0.0857  -0.1176  -0.1020   0.1345   0.4384   0.8169   1.3435   1.7195   1.7312   1.8983   2.1522   2.0639   1.7541   1.1052   0.4852  -0.3679  -1.0852  -1.5914  -1.7758  -1.6682  -1.1027  -0.4572   0.4999   1.5239   2.0337   2.2758   1.6589   1.4323  -4.0000
2026.09.04   -4.0000  -0.1238  -0.0248   0.2410   0.4767   0.8754   1.2350   1.0541   0.5943   0.1071   0.0044  -0.0641  -0.1727   0.0746   0.2348  -0.0386  -0.4122  -1.0457  -1.0838   0.0989   1.1097   1.1467   0.6721   0.0295  -0.0713  -0.2552  -0.4341  -0.1180   0.6859   1.4260   1.3336   1.4500   1.4144   1.6887   1.8753   1.6941   1.1813   0.8021   0.3832   0.3009   0.2989   0.4213   0.5741   0.7858   0.7961   0.5253  -0.0924  -0.6802  -0.7277   0.1336   0.8067   1.2562   1.6028   1.8486   2.0204   2.0237   1.7308   0.9308  -0.0034  -0.8527  -1.5466  -1.9344  -1.6284  -0.8247   0.0134   0.7120   1.3227   1.6168   1.8172   1.8929   1.5530   1.4462  -4.0000
2026.09.05    4.0000   0.2187   0.2324   0.9370   1.6306   1.8480   1.5237   0.8773   0.2727   0.2518   0.3295   0.3442   0.2942   0.4575   0.3018   0.0210  -0.5163  -1.0532  -0.7920  -0.1535   0.4583   0.6221   0.4255  -0.3285  -0.7944  -0.8941  -0.8012  -0.3471   1.2112   1.2397   1.1667   1.4718   1.2851   1.2216   1.8246   1.7916   1.5545   1.0978   0.5610   0.5965   0.5226   0.7046   0.8089   1.0886   1.2483   1.2154   0.8234  -0.0638  -0.3282  -0.0226   0.4303   0.8905   1.1962   1.2612   1.2676   1.2172   0.8774   0.5129   0.0630  -0.4556  -0.8120  -1.2860  -1.5517  -1.0347  -0.2322   0.3944   0.5585   0.7756   1.2775   1.3672   1.2671   1.0435  -4.0000
2026.09.06   -4.0000  -0.2121   0.6156   1.6470   2.3194   2.5601   1.5182   0.2926  -0.0855  -0.1130   0.3496   0.7249   0.7770   0.3970   0.0366  -0.2181  -0.3755  -0.4026  -0.2672   0.1985   0.4688   0.3682  -0.0607  -0.6340  -1.4024  -1.5148  -1.2065  -0.2074   0.8508   1.1785   1.1007   1.3066   0.9691   1.1479   1.8628   2.2494   2.1182   1.3178   0.6798   0.6387   0.7093   1.0097   1.2619   1.4012   1.5516   1.3946   1.0909   0.5356   0.2764   0.1606   0.1383   0.3908   0.7847   1.1654   1.1841   1.1705   0.9628   0.5173   0.1617  -0.0815  -0.5179  -1.2330  -1.7306  -1.3401  -0.6944  -0.0722   0.4403   0.8702   1.1546   1.2355   1.5167   1.8576  -4.0000
2026.09.07   -4.0000   0.1039   0.9804   1.6352   1.8153   1.7052   1.1074   0.6250   0.3836   0.3659   0.5547   0.8736   1.0997   0.8235   0.1540  -0.4655  -0.6065  -0.2407   0.2379   0.3250   0.3583   0.1450  -0.3670  -0.8391  -1.6291  -1.9002  -1.6692  -0.7108   0.0274   1.0413   1.4641   0.9418   0.7745   1.2573   2.3324   2.7413   2.4583   1.6746   1.0393   0.8559   0.8985   1.1401   1.4455   1.6502   1.7949   1.6171   1.1704   0.6709   0.0762  -0.3709  -0.2284   0.1331   0.5978   1.1970   1.6349   1.6628   1.5297   0.9305   0.5367   0.2823  -0.2193  -0.9080  -1.8092  -2.1021  -1.6259  -0.6424   0.2294   0.2191   0.4548   1.0058   1.2809   1.2943   4.0000
2026.09.08    4.0000   1.2568   1.9574   2.1160   1.8116   1.0168   0.3206   0.3879   0.8373   1.5841   1.9880   1.9011   1.4168   0.5467  -0.3028  -0.7381  -0.5587  -0.0912   0.2646   0.1575  -0.0735  -0.4827  -0.8700  -1.1897  -1.7168  -2.0059  -1.8256  -0.9999  -0.3133   0.6156   1.1515   1.1340   1.1607   1.7045   2.4682   2.5670   2.3878   1.8370   1.2575   1.1741   1.2231   1.2771   1.5464   1.7171   1.7817   1.4977   0.9672   0.0727  -0.9901  -1.2961  -0.8119  -0.0038   0.6898   1.4391   2.3747   2.7903   2.4721   1.5830   0.4612  -0.2261  -0.6278  -0.7167  -1.1433  -1.9510  -1.8706  -1.1973  -0.2237   0.4621   0.6730   0.9024   1.1270   0.7013   4.0000
2026.09.09   -4.0000   1.4787   2.0467   2.1013   1.6096   0.7392   0.1179   0.3607   0.9250   1.3396   1.6705   1.6091   1.3416   0.9641   0.6996   0.5273   0.0429  -0.3938  -0.3797  -0.2067  -0.2565  -0.9235  -1.8198  -2.2356  -2.3752  -1.6276  -1.0301  -0.5881  -0.4711   0.1195   1.1409   1.4926   1.3800   1.8531   2.4958   2.6637   2.2752   1.9263   1.4888   1.3408   1.4354   1.4787   1.4491   1.5098   1.3517   1.1648   0.9333   0.3379  -0.5782  -1.0284  -1.1072  -0.3933   0.5146   1.3573   2.0608   2.4148   2.4086   1.8470   1.0562  -0.0243  -0.8549  -1.0556  -1.0194  -1.0162  -0.9128  -0.6529  -0.0551   0.4220   0.7970   1.2009   1.5130   1.8989   4.0000
2026.09.10   -4.0000   0.6293   1.2243   1.3161   1.3835   1.1998   1.0853   0.9885   0.7058   0.3829   0.3071   0.4595   0.6510   0.9691   0.9747   0.9388   0.7254   0.4064   0.0078  -0.3566  -0.5307  -1.2925  -2.0320  -2.5191  -2.6481  -1.6133  -0.9875  -0.5919  -0.3641   0.3180   1.3846   1.3524   1.5545   2.2129   2.9795   2.9347   2.4583   1.8775   1.3478   1.2306   1.2727   1.4722   1.4921   1.4495   1.4491   1.5200   1.4217   0.6710  -0.1888  -0.6776  -0.7138  -0.4538   0.0847   0.7575   1.5572   2.1356   2.1292   1.5167   0.8309   0.0682  -0.5708  -0.9755  -0.7800  -0.4771   0.2601   0.6740   0.6811   0.6993   1.1056   1.2385   1.5453   2.3068   4.0000
2026.09.11   -4.0000   1.5586   1.3932   1.4334   1.5238   1.1823   1.0308   1.3427   1.2294   0.8552   0.4277   0.3356   0.2221  -0.2158  -0.2197   0.0382   0.2453   0.4476   0.4627   0.3161  -0.2798  -0.8995  -1.3160  -1.7146  -2.1665  -2.2029  -1.6810  -0.9589  -0.4212   0.4642   1.4843   1.4990   1.8155   2.5434   3.2053   3.1698   2.5794   1.7942   1.3189   1.2735   1.4380   1.5825   1.5438   1.5352   1.5772   1.5633   1.3613   0.4723  -0.3912  -0.2778   0.3128   0.6857   0.8030   1.1000   1.4121   1.4763   1.1351   0.5400  -0.0753  -0.2827  -0.5969  -0.9417  -0.8569  -0.2235   0.5867   0.9737   1.4891   1.8162   1.7313   1.2470   0.8486   1.0262   4.0000
2026.09.12    4.0000   2.8636   2.2227   1.2462   0.3846  -0.0346   0.5412   1.4543   2.0789   1.8745   1.3173   0.6110  -0.0553  -0.3423  -0.2931  -0.1159   0.2474   0.2647   0.1882  -0.2472  -0.6843  -0.8860  -0.9682  -1.0582  -1.6766  -2.1811  -1.8756  -1.0672  -0.3953   0.4950   1.4911   1.5694   1.6825   2.4939   3.3257   3.4626   2.7992   1.9501   1.4258   1.3580   1.4197   1.4275   1.4265   1.4893   1.6238   1.6064   1.1214   0.5319   0.3517   0.6858   0.9533   1.0009   0.8910   0.7691   0.9831   1.1850   1.1228   0.7188   0.2466  -0.4075  -1.0462  -1.2541  -1.1226  -0.6043   0.0555   0.7129   1.1490   1.3154   1.2888   0.9100   0.6393   0.4131   4.0000
2026.09.13    4.0000   1.1384   1.7245   1.5905   0.5752  -0.0464  -0.0846   0.7767   1.2532   1.1358   0.8897   0.3816   0.2095   0.4901   0.8055   0.9345   0.5664   0.0210  -0.2069  -0.5166  -0.9581  -0.9811  -0.8354  -0.9336  -1.2972  -1.6451  -1.5839  -0.8878  -0.1589   0.8630   1.6589   1.2576   1.4061   2.5377   3.5860   3.6245   2.9187   2.2193   1.6852   1.5475   1.5425   1.4634   1.3414   1.4150   1.6631   1.7192   1.5377   1.2676   1.1533   1.2564   1.4297   1.2033   0.9553   0.7771   0.5727   0.5527   0.5464   0.2792  -0.0274  -0.4739  -0.7998  -1.1596  -1.1694  -0.7562   0.2250   0.9622   1.1426   1.1579   0.7465   0.0816  -0.3666  -0.7843   4.0000
2026.09.14   -4.0000   0.7925   1.5122   1.5053   1.0095   0.3698   0.1916   0.0405  -0.0437  -0.2474  -0.1505   0.2322   0.9606   1.3717   1.3222   1.0331   0.4108  -0.1131  -0.6272  -1.0444  -1.2246  -1.1075  -0.9584  -0.8502  -0.7483  -0.9754  -0.8351  -0.0011   0.3211   1.1064   1.6562   1.5440   1.6432   2.6639   3.5885   3.6994   3.1681   2.4928   1.9857   1.7909   1.7190   1.5979   1.4105   1.5494   1.8199   1.9759   1.9110   1.7191   1.6573   1.5577   1.1862   0.8871   0.9673   0.9477   0.5857   0.0597  -0.5006  -0.9558  -1.2418  -1.1669  -0.9504  -0.5453  -0.0918   0.4534   1.2993   1.9460   1.8596   1.4016   0.8178   0.4624   0.3112  -0.1321   4.0000
2026.09.15   -4.0000   2.9403   3.0764   2.6576   1.8534   0.8848   0.0740  -0.5894  -0.9611  -0.6890  -0.0079   0.6602   0.9487   1.1636   1.5418   1.5985   1.3732   0.4919  -0.7435  -1.9060  -2.5191  -2.1253  -1.5165  -1.0872  -0.6216  -0.1410   0.1406   0.6013   0.7296   1.2060   1.8627   1.6322   1.8800   2.9854   3.6401   3.5958   3.0951   2.6845   2.3781   2.2833   2.2407   2.1068   1.5665   1.3870   1.4756   1.5180   1.4218   1.3625   1.2472   1.2435   0.9250   0.5978   0.5958   0.6896   0.4996  -0.3637  -1.0417  -1.4219  -0.9035  -0.2158   0.2051   0.6889   1.1826   1.4238   1.5867   1.5203   0.7236   0.0543  -0.0920   0.0065   0.0586   0.3657   4.0000
2026.09.16    4.0000   0.4958   0.8098   1.5241   2.0335   1.6660   0.8421  -0.3114  -1.0179  -0.7683  -0.0863   0.7177   1.2678   1.9128   2.7159   2.7999   1.7931   0.5931  -0.8036  -2.2910  -3.1575  -3.1386  -2.7213  -1.9136  -0.8265   0.3154   1.0252   0.8817   0.8802   1.2149   1.6929   1.6298   1.9441   2.9892   3.5056   3.5183   3.1404   2.7019   2.4967   2.6313   2.5861   2.0272   1.1844   0.9166   1.0124   1.0149   1.1599   1.3171   1.1422   0.7357   0.0519  -0.2595  -0.1929   0.0116   0.2990   0.3471   0.0958   0.0793   0.4547   0.8724   1.2503   1.3335   1.4352   1.3978   1.2904   1.0762   0.8494   0.4651   0.2322   0.3608   0.3609   0.3563  -4.0000
2026.09.17    4.0000   0.2850   0.3698   1.0358   1.5624   1.3297   0.7105   0.0486  -0.5026  -0.7404  -0.4376   0.1330   1.2106   2.0449   2.8106   3.1325   2.2432   0.9615  -0.3523  -1.9607  -3.2417  -3.7112  -3.4472  -2.3233  -0.7033   0.6339   1.4552   1.5984   1.5725   1.2698   1.2804   1.4483   2.2868   3.2240   3.6218   3.3059   2.9447   2.6615   2.5095   2.4996   2.4063   1.9651   1.3370   1.1190   1.2295   1.1528   0.9338   0.6899   0.0364  -0.4643  -0.6897  -0.4108   0.0774   0.5712   1.1298   1.7329   1.8654   1.3170   0.7062   0.5476   0.6945   1.0761   1.4581   1.8167   1.4992   0.7483   0.2189  -0.3183  -0.4814  -0.5030  -0.4932  -0.1925  -4.0000
2026.09.18    4.0000   0.8303   1.0215   1.4623   1.4907   1.0613   0.4899  -0.1505  -0.3903  -0.4554  -0.5785   0.0266   0.9884   1.8999   2.5864   2.2553   1.5656   0.5818   0.1167  -0.8642  -2.1417  -2.6069  -2.7441  -2.1543  -0.8421   0.5070   1.4843   1.8733   1.8814   1.7919   1.5446   1.7963   2.7731   3.4189   3.5979   3.1777   2.7522   2.3853   2.3295   2.4867   2.6491   2.5026   2.1082   1.6997   1.1050   0.4302  -0.0397  -0.3357  -0.4026  -0.2403  -0.1812   0.0724   0.5425   1.2516   1.6252   1.9710   1.9612   1.5525   1.0888   0.8332   1.0198   1.3528   1.3435   0.9896   0.2521  -0.3051  -0.5842  -0.8537  -1.0291  -0.8060  -0.3787   0.0703   4.0000
2026.09.19    4.0000   0.1655   0.6965   0.9337   1.1591   0.9722   0.6834   0.4474  -0.1773  -0.7186  -0.5127   0.2944   1.4761   1.9282   1.7852   1.1197   0.5533   0.2359   0.1505  -0.2335  -0.9233  -1.4449  -1.7503  -1.5472  -0.7650   0.5625   1.4642   1.7323   1.5164   1.5806   1.7000   2.1816   3.0722   3.1855   3.3785   3.2699   2.8545   2.6336   2.6666   2.9145   3.2445   3.0950   2.1570   1.1472   0.5627   0.2768   0.2411   0.4909   0.7620   0.9273   0.5564   0.2049   0.0797   0.4570   0.8972   1.1047   1.3507   1.4448   1.6277   1.5677   1.4076   1.1954   0.7751   0.5889   0.5747   0.0996  -0.1138  -0.2434  -0.4413  -0.4659  -0.4858  -0.4334   4.0000
2026.09.20    4.0000   0.2604   0.3717   0.7435   0.9488   1.0744   1.0536   0.7283   0.2343  -0.1909   0.0777   0.5352   0.6130   0.7494   1.1687   0.9872   0.6826   0.3393  -0.0668  -0.5273  -0.6296  -0.8281  -1.1680  -0.8041  -0.1694   0.7952   1.1479   1.4395   1.4867   1.2334   1.4775   2.5227   3.3614   3.2954   3.1873   3.1905   2.9490   2.6412   2.7276   3.1546   3.2633   2.8885   1.9639   1.2082   0.7812   0.6222   0.7303   0.8934   0.8880   0.9179   0.6843   0.5870   0.5635   0.4155   0.2810   0.2656   0.4504   1.0551   1.4195   1.4184   1.1422   0.8491   0.6043   0.5642   1.0102   0.8579   0.4375   0.1933   0.0808   0.0693  -0.3277  -0.7994   4.0000
2026.09.21    4.0000  -0.2193   0.3199   1.0474   1.2778   1.3600   1.3081   1.1776   0.8485   0.7452   0.3481   0.0551  -0.0902   0.0846   0.4156   0.5035   0.4310   0.4905   0.3582  -0.2554  -0.7343  -1.0750  -0.8597  -0.3414   0.2010   0.5768   0.8052   0.8819   1.0870   1.5387   2.0992   2.8879   3.7088   3.6263   3.4299   3.1117   2.7062   2.4255   2.4374   2.6828   2.7600   2.6667   2.0935   1.4388   0.8341   0.3349   0.2949   0.5988   1.1468   1.4354   1.1626   1.0200   0.5574  -0.0354  -0.3509  -0.2966   0.1287   0.4330   0.6956   0.7195   0.9124   1.2568   1.4520   1.0827   0.7771   0.5000   0.3177   0.3962   0.4864   0.2777  -0.2088  -0.8795   4.0000
2026.09.22    4.0000   0.3893   0.5388   1.0010   1.2978   1.2712   1.2611   1.4207   1.7046   1.6740   1.3349   0.6096  -0.1174  -0.8843  -0.9273  -0.3444   0.4044   0.7083   0.4410   0.0027  -0.2481  -0.4765  -1.0390  -0.9768  -0.2531   0.1299   0.5341   0.9146   1.2001   1.7671   2.6309   3.6026   3.9487   4.0000   3.6102   2.9523   2.3597   2.0344   2.0989   2.2589   2.3644   2.1470   1.6966   1.2357   0.7221   0.4140   0.4318   0.7574   1.1725   1.4030   1.1642   0.8793   0.4320   0.0644  -0.0734  -0.3532  -0.4228   0.0248   0.3333   0.6420   0.9773   1.1443   1.1773   0.8970   0.8585   1.2540   1.4692   1.3916   1.0861   0.8103   0.4560   0.0303   4.0000
2026.09.23    4.0000   0.3906   0.0998   0.3453   0.9470   1.4085   1.5431   1.9081   2.1358   1.8218   1.4342   0.8115  -0.1855  -0.9601  -1.0045  -0.4029   0.0924   0.3589   0.6026   0.4552   0.0822  -0.4765  -1.1245  -1.2920  -0.8706   0.0122   0.7157   1.1911   1.2423   1.5543   3.1363   4.0000   4.0000   4.0000   3.3098   2.5361   1.9651   1.8374   1.8532   2.0417   1.9857   1.4682   1.0789   1.0566   1.0255   0.7208   0.5450   0.6060   1.0224   1.3491   1.3640   0.8751   0.1561  -0.1596  -0.1692  -0.1084  -0.2580  -0.3615  -0.1958   0.3215   0.8685   1.2083   1.3185   1.3674   1.6843   2.2178   2.2998   1.5296   1.0921   0.7432   0.2921  -0.3064   4.0000
2026.09.24    4.0000   0.1356  -0.0230   0.1908   0.9363   1.8349   2.0665   2.3025   1.9411   1.2714   0.4539  -0.1566  -0.7171  -1.0785  -0.5893   0.1325   0.4739   0.3537   0.2887   0.4112   0.0739  -0.4348  -0.7219  -1.0381  -0.7856  -0.1580   0.6141   1.2059   1.3989   1.5387   3.2304   4.0000   4.0000   3.8157   2.9147   2.1841   1.5967   1.4633   1.5575   1.7305   1.5807   1.2391   1.1522   1.1227   0.9960   0.6928   0.6194   0.6733   1.0756   1.3321   0.9611   0.3617  -0.0016  -0.1313  -0.2846  -0.4816  -0.6640  -0.2738   0.3188   0.9092   1.2788   1.7262   1.9682   1.7740   1.5993   0.8987   0.1160   0.1669   0.5528   0.7364   1.0055   1.2682   4.0000
2026.09.25    4.0000  -0.2155  -0.0294   0.6137   1.2377   1.6799   1.7519   1.6169   1.6726   1.2215   0.6128  -0.1766  -0.8372  -0.9994  -0.4476   0.2312   0.4436   0.1381   0.2563   0.1329   0.0878  -0.0263  -0.2959  -0.5183  -0.1482   0.1767   0.2918   0.5321   1.1280   1.8847   3.7640   4.0000   4.0000   3.2886   2.5572   1.9314   1.3492   0.8999   1.0107   1.2323   1.2733   1.3221   1.2601   1.1021   0.8363   0.5818   0.7050   0.8407   0.8379   0.6312   0.4323   0.2588   0.0089  -0.1281  -0.2316  -0.2637  -0.4221  -0.1825   0.4921   1.1602   1.6732   1.9221   2.1646   2.1172   1.4672   0.9991   0.4042   0.1201   0.1389   0.3181   0.6405   1.2365   4.0000
2026.09.26    4.0000   1.0732   1.2289   1.4206   1.4880   1.1475   0.7352   0.5793   0.5139   0.2757   0.2836   0.4085   0.2354  -0.0014  -0.2295  -0.1948   0.0802  -0.0391  -0.1189   0.0815   0.2348   0.1721   0.1233   0.0796  -0.1728  -0.2222   0.2111   0.6717   1.0234   2.3291   3.7205   4.0000   4.0000   3.5681   2.9003   2.0667   1.1824   0.6613   0.6244   0.8728   1.2866   1.3647   1.4097   1.2602   1.0655   0.7975   0.6211   0.5738   0.4396   0.3981   0.3388   0.1945  -0.1349  -0.5609  -0.3983  -0.1083  -0.1368  -0.0108   0.3448   0.8633   1.5278   2.0929   2.4920   2.6865   2.5714   1.8272   1.2276   0.7268   0.3295   0.0696  -0.0994   0.3891   4.0000
2026.09.27    4.0000   2.1443   2.1128   1.8632   1.7874   1.5855   1.3356   0.9417   0.4829   0.0672  -0.3133  -0.3417  -0.0265   0.2152  -0.1025  -0.3800  -0.1615  -0.1380  -0.3251  -0.2236   0.1230   0.4155   0.7748   0.6977   0.1464  -0.3421  -0.1912   0.1989   1.2553   2.2742   3.0618   3.5508   4.0000   3.3202   2.5484   1.9267   1.2291   0.5951   0.4416   0.6729   1.0046   1.1468   1.3320   1.3685   1.2968   0.9365   0.5354   0.4851   0.6134   0.8961   0.7859   0.1548  -0.3934  -0.8881  -0.9750  -0.6002   0.0355   0.3379   0.8517   1.3849   1.6906   1.8185   1.8510   1.9120   2.0423   1.7376   0.9746   0.5596   0.1925  -0.0203  -0.0189   0.5574  -4.0000
2026.09.28    4.0000   2.5437   2.7864   2.4790   2.1865   2.0525   1.6151   0.8612  -0.0854  -0.4398  -0.0312   0.3970   0.5274   0.2074  -0.3590  -0.7975  -0.9757  -0.9431  -0.6977   0.0839   0.8769   1.2252   1.2591   0.6987  -0.2492  -0.6173  -0.3697   0.3978   1.1175   1.7943   2.5714   3.6161   3.7186   3.0213   2.3598   1.8019   1.1033   0.5685   0.3587   0.4424   0.5609   0.6765   0.9457   1.2331   1.1603   0.9615   1.0092   1.1250   1.2448   1.1418   0.7635   0.2656  -0.2976  -0.7641  -1.1545  -1.2131  -0.5707   0.2944   1.0575   1.6026   1.8525   1.7644   1.2799   0.7994   0.6387   1.2060   1.1255   0.7971   0.5364   0.3653   0.0753  -0.0867  -4.0000
2026.09.29    4.0000   3.1020   2.6181   2.3405   2.2466   2.0346   1.7126   1.2238   0.1347  -0.6576  -0.1425   0.3517   0.3783   0.0203  -0.8141  -1.2027  -1.2409  -0.9782  -0.2432   0.7892   1.2931   1.1756   0.7715   0.3846  -0.3441  -0.7412  -0.1657   0.4868   1.2199   1.7381   2.4848   3.3069   3.5895   3.2185   2.3612   1.7445   1.2652   0.7493   0.4388   0.4304   0.4538   0.4516   0.6106   0.8499   0.9689   1.2152   1.5720   1.6950   1.2671   0.5996   0.1287  -0.0367  -0.1455  -0.2949  -0.6320  -0.6932  -0.6015  -0.2650   0.2481   0.8132   1.3955   1.7780   1.7475   1.6545   1.5003   1.1014   0.6417   0.5415   0.6851   0.8853   1.0970   1.1909   4.0000
2026.09.30    4.0000   1.4445   1.7051   2.0879   2.0006   1.7846   1.4435   1.1548   0.5200  -0.3415  -0.4296  -0.6107  -1.1269  -1.1774  -0.7602  -0.4629  -0.2546   0.1298   0.9306   1.3412   1.0410   0.5228   0.1715  -0.0734  -0.6037  -0.8102  -0.4235   0.2242   1.0283   1.7291   2.9787   3.2574   3.5001   3.1370   2.2771   1.7478   1.3186   0.9133   0.5909   0.5314   0.5810   0.6151   0.6493   0.8541   1.1058   1.3670   1.5172   1.5687   0.9151   0.2104  -0.0467  -0.0265  -0.1377  -0.1325  -0.1153   0.0061   0.0843   0.3057   0.4252   0.5868   0.8534   1.0175   0.9189   0.8635   0.9380   1.2134   1.1447   0.8825   0.6976   0.5068   0.4951   0.7254   4.0000
2026.10.01    1.3551   0.4527   0.8031   1.4248   1.5661   1.5774   0.9636   0.5587  -0.0247  -0.3377  -0.2134  -0.7729  -1.0926  -1.0658  -0.7412  -0.6001  -0.0111   0.6357   1.3724   1.5626   0.8737   0.1380  -0.0542  -0.1590  -0.7604  -1.0081  -0.8643  -0.1582   0.6073   1.6614   3.1263   3.2568   3.1477   2.5857   1.9454   1.5859   0.8932   0.7465   0.7468   0.6824   0.8464   0.7371   0.7548   0.9214   1.1905   1.1731   1.0694   1.0783   0.7863   0.3808   0.0690  -0.1452  -0.2796  -0.3167   0.2122   0.7258   1.1091   0.9238   0.5834   0.4864   0.4482   0.3551   0.0693   0.4501   0.6284   0.7427   0.1348  -0.2915   0.1036   0.5048   0.6373  -0.1410   0.3404
2026.10.02    0.0426  -0.0431  -0.5224  -0.5951  -0.5072  -0.0683   0.0758  -0.1174   0.0171   0.4211   0.1726  -0.0751   0.0647  -0.4036  -0.8463  -0.5158   0.4710   0.9816   1.1023   1.0652   0.8793   0.2368  -0.3619  -0.6292  -0.9259  -1.0965  -0.9814  -0.3190   0.4490   1.8634   3.1729   3.1756   2.6292   2.4264   1.8940   1.4000   0.8716   0.6367   0.5812   0.9054   0.8299   0.7223   0.6467   0.7686   0.8275   0.7099   0.9124   0.9182   1.0891   0.5703  -0.1835  -0.3926  -0.2705   0.2237   0.7624   1.4459   1.7335   1.6027   1.0953   0.6640   0.2006  -0.5659  -1.0089  -0.6800  -0.2654   0.2745   0.3932   0.2646   0.7551   0.8866   1.0977   1.4285   1.3603
2026.10.03   -1.3514  -0.2918  -0.5903  -0.4716  -0.3039  -0.4619  -0.1094   0.4965   0.6228   0.5469   0.6795   0.5346   0.5570   0.2774  -0.1538  -0.1926   0.3730   0.7830   0.6425   0.5407   0.2693  -0.2468  -0.8253  -0.8849  -1.0703  -1.3525  -1.3111  -0.6558   0.6358   2.5368   3.2604   3.1757   2.6599   2.4232   1.9925   1.6770   1.0668   0.6268   0.5107   0.4689   0.4158   0.4281   0.7556   0.8788   1.0279   1.2579   1.4326   1.2957   0.4594  -0.3010  -0.7956  -0.6337   0.2096   0.7841   1.1323   1.5678   1.3652   0.8151   0.5509   0.5656   0.2986   0.0913  -0.2123  -0.8955  -0.8206   0.0314   0.9177   1.2716   0.9407   0.7224   0.7657   0.9319   0.5105
2026.10.04   -4.0000   0.0385  -0.3170  -0.3464  -0.5488  -0.6085  -0.4132   0.1387   0.8106   0.8104   0.7067   0.7590   0.7864   0.7948   0.8764   1.0441   1.0681   0.6017   0.1980  -0.1998  -0.8543  -0.7770  -0.6692  -1.0030  -1.1451  -1.4557  -1.6467  -0.9202   1.2237   2.6170   3.0245   3.0731   2.8682   2.3656   2.0721   1.8746   1.2687   0.8537   0.4622   0.1950   0.0502   0.3116   0.7300   0.9987   1.1732   1.0991   0.8768   0.3793  -0.2672  -0.6870  -0.5484  -0.1526   0.2802   0.7719   1.1684   1.3472   0.9473   0.7226   0.7208   0.6108   0.3373   0.1360   0.0587  -0.2853  -0.2538   0.2134   0.7483   0.8371   0.6600   0.2171  -0.6369  -1.8317   0.9922
2026.10.05    4.0000  -0.4810  -0.6110  -0.2898  -0.2365  -0.0332  -0.1453  -0.3496  -0.2688  -0.0488   0.6487   0.7533   1.3309   1.3556   1.4015   1.3172   1.4953   1.4411   0.4556  -0.4830  -0.9704  -0.9834  -0.9426  -1.1505  -1.4415  -1.8724  -1.2914  -0.1481   1.3603   2.2311   2.4375   2.6948   2.7257   2.3536   2.0119   1.8959   1.4401   0.9376   0.6134   0.4322   0.1326   0.3591   0.8177   1.0105   1.1694   1.0401   0.9285   0.6735   0.2080  -0.5043  -0.4095  -0.4428   0.0412   1.0351   1.5707   1.4454   1.3303   0.7291   0.2397   0.0404  -0.2236  -0.5472  -0.3683  -0.2287   0.2490   0.1017  -0.7256  -1.5106  -1.2745  -0.7029  -0.5397  -0.6644   1.2384
2026.10.06    2.9717  -0.2199  -0.5957  -0.4342   0.1064   0.1634   0.3869   0.4748   0.0271   0.0875   0.0256   0.8863   1.6994   1.7261   1.8019   1.3097   0.8545   0.5646   0.2233  -0.1282  -0.5386  -1.0054  -1.3254  -1.4979  -1.3237  -1.1389  -0.6205  -0.2031   1.1102   2.0659   2.3285   3.1927   3.1852   2.6050   2.3985   1.8947   1.2941   0.7441   0.5179   0.4470   0.3624   0.5703   0.7822   0.9928   1.2629   1.3408   1.4815   0.9579   0.0965  -0.7610  -0.9458  -0.8138  -0.2179   0.0784   0.1581   0.6493   1.0774   1.0906   0.8643   0.4148   0.3253   0.2092  -0.3216  -0.9209  -0.7515  -0.5065  -0.5082  -0.8714  -1.1494  -1.1692  -1.0930  -1.3262   3.9767
2026.10.07   -4.0000  -0.4291  -0.3730  -0.2270   0.1668   0.5825   0.4267   0.2256   0.2229  -0.0827   0.0907   0.3043   0.5668   1.3227   1.9099   1.9694   1.5636   0.7285  -0.1812  -1.2050  -1.3468  -1.2096  -0.8966  -0.5362  -0.8645  -1.4266  -1.0571  -0.1702   1.0201   1.8583   2.5387   3.1759   3.3823   2.6930   2.2337   1.9261   1.3856   0.9389   0.5318   0.5276   0.5322   0.6259   0.7448   1.2594   1.5137   1.7888   1.5701   0.6533  -0.4852  -1.0319  -1.6093  -1.4667  -0.9686  -0.6980  -0.2972   0.5320   0.8935   1.1785   1.3771   1.5902   1.2414   0.7173  -0.2901  -1.1858  -0.8369  -0.3989  -0.8589  -1.1485  -0.8609  -0.5908  -0.1097   0.5388   2.7043
2026.10.08    0.9795  -0.1015  -0.1925   0.2688   0.2605   0.4491   0.7226   0.8544   0.5798   0.1693  -0.2220  -0.3401   0.0968   0.6456   1.5442   2.5011   2.4429   1.6557   0.6495  -0.5118  -1.2752  -2.1503  -2.2924  -1.7739  -1.4174  -1.2060  -0.9600  -0.2707   0.6248   1.1405   2.0332   2.8181   2.9690   2.4505   2.0900   1.9687   1.7635   1.1160   0.6267   0.5172   0.6363   0.7550   0.9529   1.4927   1.6108   1.5485   1.2767   0.5236  -0.3555  -0.6142  -0.7646  -0.9340  -1.7522  -1.8018  -1.2943  -0.4630   0.4230   1.3560   1.9943   1.8661   1.4366   1.0410   0.7112   0.0852  -0.3363  -0.1524   0.2392  -0.2443  -0.8976  -0.9814  -0.3738   0.4992  -1.1638
2026.10.09    1.8711   0.2554   0.1619   0.0635   0.3213   0.9883   1.0488   0.6559   0.1074  -0.4845  -0.8598  -0.4782   0.0634   0.9724   1.9705   2.6650   2.8382   2.1078   1.2770   0.2479  -0.9533  -2.2925  -2.9773  -3.0029  -2.2660  -1.0932  -0.5283  -0.0793   0.0387   0.6062   1.3600   2.4814   3.0659   2.5435   2.2356   2.0472   1.6970   0.9725   0.5515   0.2801   0.3490   0.7058   1.1147   1.4546   1.4801   1.2074   0.7802   0.4652   0.1299  -0.0250   0.0945  -0.1657  -0.5353  -0.7564  -0.4444  -0.2023   0.0586   0.3979   0.4986   0.4912   0.5018   0.4874   0.5345   0.9982   1.3777   0.8896   0.2600  -0.0270  -0.1081  -0.6434  -0.6120   0.2674  -1.4472
