# GEFS relative AAM tendency forecast by latitude
# Units: sigma/day
# Generated: 2026-10-08
# Lats: 90.00 87.50 85.00 82.50 80.00 77.50 75.00 72.50 70.00 67.50 65.00 62.50 60.00 57.50 55.00 52.50 50.00 47.50 45.00 42.50 40.00 37.50 35.00 32.50 30.00 27.50 25.00 22.50 20.00 17.50 15.00 12.50 10.00 7.50 5.00 2.50 0.00 -2.50 -5.00 -7.50 -10.00 -12.50 -15.00 -17.50 -20.00 -22.50 -25.00 -27.50 -30.00 -32.50 -35.00 -37.50 -40.00 -42.50 -45.00 -47.50 -50.00 -52.50 -55.00 -57.50 -60.00 -62.50 -65.00 -67.50 -70.00 -72.50 -75.00 -77.50 -80.00 -82.50 -85.00 -87.50 -90.00
2026.10.09    0.1157   0.0940   0.0219   0.0224   0.0531   0.0274   0.0305   0.0007   0.0137   0.0466   0.0399   0.0675   0.0691   0.0789   0.0371   0.0434   0.0653   0.0384   0.0529   0.0399   0.0759   0.0473   0.0526   0.0478   0.0700   0.0758   0.0812   0.0417   0.0470   0.0627   0.0334   0.0904   0.0880   0.1143   0.1307   0.0768   0.0624   0.0400   0.0707   0.0425   0.0329   0.0303   0.0427   0.0477   0.0531   0.0607   0.0534   0.0482   0.0421   0.0442   0.0396   0.0419   0.0468   0.0224   0.0673   0.0775   0.0891   0.0683   0.0514   0.0597   0.0528   0.0441   0.0582   0.0585   0.0282   0.0173   0.0198   0.0344   0.0491   0.0537   0.0874   0.1682   0.3115
2026.10.10    0.0674   0.0006   0.0244   0.0812   0.0914   0.0843   0.0305   0.0579   0.0809   0.0433   0.0570   0.0260   0.0381   0.0050   0.0555   0.0831   0.0463   0.0650   0.0071   0.0365   0.0001   0.0425   0.0996   0.1769   0.0705   0.0557   0.0554   0.0499   0.0652   0.0747   0.0568   0.0897   0.0412   0.0441   0.0599   0.0683   0.0679   0.0586   0.0249   0.0216   0.0581   0.0560   0.0439   0.0456   0.0231   0.0107   0.0489   0.0609   0.0509   0.0203   0.0154   0.0480   0.0666   0.0684   0.0109   0.0237   0.0304   0.0514   0.0735   0.0703   0.0211   0.0409   0.0449   0.1223   0.1299   0.0471   0.0804   0.1143   0.0466   0.0561   0.1193   0.0363   0.3957
2026.10.11    0.1657   0.2654   0.2486   0.1074   0.0453   0.0939   0.1690   0.1087   0.0465   0.0503   0.0405   0.0803   0.0883   0.0877   0.0471   0.0820   0.0736   0.0688   0.1307   0.0633   0.0767   0.0849   0.1021   0.0647   0.0825   0.0534   0.0016   0.0135   0.0229   0.0871   0.1366   0.1000   0.0760   0.0397   0.0683   0.0618   0.0683   0.1101   0.0497   0.0447   0.0172   0.0211   0.0231   0.0322   0.0290   0.0357   0.0453   0.0891   0.0819   0.0458   0.0264   0.0066   0.0149   0.0645   0.1868   0.2296   0.1322   0.0540   0.0417   0.0625   0.1464   0.1484   0.1526   0.0978   0.1487   0.1603   0.1155   0.1206   0.1437   0.0162   0.0054   0.0185   0.0642
2026.10.12    0.4630   0.0086   0.0227   0.0168   0.0765   0.0927   0.1471   0.2334   0.0844   0.0995   0.1281   0.0798   0.0943   0.1054   0.0853   0.0235   0.0240   0.0702   0.0688   0.1088   0.1182   0.0571   0.0070   0.0621   0.0931   0.0463   0.0423   0.0581   0.0313   0.1065   0.1071   0.0995   0.0555   0.0736   0.0270   0.0418   0.1129   0.1421   0.1217   0.0865   0.0843   0.0550   0.0438   0.0035   0.0016   0.0347   0.0800   0.1008   0.0208   0.0343   0.0794   0.0817   0.0523   0.0047   0.0686   0.0398   0.0011   0.0469   0.0460   0.0962   0.0720   0.0785   0.0549   0.1553   0.1675   0.2021   0.1699   0.1501   0.0613   0.2303   0.0942   0.1505   0.1600
2026.10.13    0.6211   0.2287   0.2305   0.2110   0.1129   0.1366   0.1455   0.0924   0.1550   0.0509   0.0056   0.0580   0.0659   0.0690   0.1205   0.1622   0.1403   0.1786   0.1702   0.0415   0.0302   0.1070   0.1643   0.1450   0.0964   0.0592   0.0230   0.0980   0.1274   0.0390   0.0844   0.0458   0.0149   0.0785   0.0320   0.0517   0.1610   0.1426   0.0848   0.0107   0.0151   0.0693   0.0214   0.0072   0.0429   0.0957   0.0684   0.0076   0.0130   0.0745   0.0527   0.1199   0.1912   0.1472   0.0832   0.0667   0.1256   0.1946   0.2126   0.0970   0.0161   0.0120   0.0789   0.0490   0.0236   0.0431   0.1584   0.0091   0.0712   0.2141   0.4995   0.5681   0.0456
2026.10.14    0.5492   0.0290   0.0541   0.3620   0.5368   0.3472   0.1321   0.0530   0.0016   0.0145   0.1220   0.1844   0.2610   0.1266   0.0140   0.0178   0.0550   0.0335   0.0117   0.0052   0.0457   0.1065   0.1328   0.0238   0.0500   0.1402   0.1375   0.0701   0.0872   0.1331   0.0963   0.0130   0.0460   0.0005   0.0519   0.0938   0.0950   0.1134   0.1341   0.1091   0.0711   0.0042   0.0380   0.0646   0.0992   0.0440   0.0746   0.0798   0.0274   0.0132   0.0290   0.0522   0.0046   0.1156   0.1523   0.1113   0.0448   0.0056   0.0152   0.1027   0.1555   0.1783   0.0933   0.0113   0.0561   0.0166   0.1327   0.0820   0.1010   0.1002   0.1580   0.1811   0.5667
