# GFS Ensemble (GEFS) relative AAM forecast anomaly
# Source: NOAA GEFS via AWS S3 open data
# Averaging: 3 six-hourly snapshots per day (f006/f012/f024 pattern)
# Bias correction: linear ramp bias correction applied (day1=ERA5-anchored, day7=free)
# Units: standardised sigma departures from ERA5 1980-2010 climatology
# Generated: 2026-09-29
# Lats: 90.00 87.50 85.00 82.50 80.00 77.50 75.00 72.50 70.00 67.50 65.00 62.50 60.00 57.50 55.00 52.50 50.00 47.50 45.00 42.50 40.00 37.50 35.00 32.50 30.00 27.50 25.00 22.50 20.00 17.50 15.00 12.50 10.00 7.50 5.00 2.50 0.00 -2.50 -5.00 -7.50 -10.00 -12.50 -15.00 -17.50 -20.00 -22.50 -25.00 -27.50 -30.00 -32.50 -35.00 -37.50 -40.00 -42.50 -45.00 -47.50 -50.00 -52.50 -55.00 -57.50 -60.00 -62.50 -65.00 -67.50 -70.00 -72.50 -75.00 -77.50 -80.00 -82.50 -85.00 -87.50 -90.00
# Field: Ensemble std dev
2026.09.29    1.3992   0.1300   0.0684   0.0528   0.0625   0.0619   0.0573   0.0616   0.0661   0.0534   0.0739   0.0543   0.0725   0.0723   0.0628   0.0558   0.0469   0.0587   0.0507   0.0556   0.0499   0.0635   0.0590   0.0532   0.0749   0.0938   0.1103   0.1146   0.1106   0.1135   0.1025   0.1108   0.1122   0.1153   0.0903   0.0844   0.0752   0.0843   0.0782   0.0860   0.0936   0.0914   0.0833   0.0684   0.0614   0.0576   0.0463   0.0508   0.0617   0.0659   0.0640   0.0500   0.0503   0.0669   0.0556   0.0572   0.0637   0.0510   0.0350   0.0321   0.0506   0.0556   0.0444   0.0460   0.0512   0.0613   0.0429   0.0518   0.0428   0.0495   0.0609   0.1002   1.2609
2026.09.30    1.2772   0.1114   0.2091   0.1989   0.1146   0.1186   0.1044   0.1014   0.1131   0.1119   0.1215   0.1110   0.1043   0.1260   0.1176   0.1304   0.1300   0.1113   0.0956   0.0929   0.0582   0.1058   0.1091   0.0982   0.1176   0.1238   0.1529   0.1639   0.1834   0.2166   0.2036   0.1960   0.2118   0.2077   0.1946   0.1438   0.1285   0.1248   0.1296   0.1526   0.1405   0.1428   0.1524   0.1213   0.1174   0.1206   0.1028   0.1027   0.1216   0.1294   0.1083   0.0769   0.0690   0.1276   0.1272   0.1113   0.1011   0.1018   0.0948   0.0764   0.0924   0.1278   0.1456   0.1304   0.1065   0.0848   0.0869   0.0770   0.0797   0.1014   0.1312   0.2106   1.4733
2026.10.01    1.1890   0.2285   0.1679   0.1884   0.2270   0.1978   0.2174   0.1894   0.1622   0.1827   0.1592   0.1530   0.1851   0.1641   0.1710   0.2061   0.2050   0.1800   0.1923   0.1764   0.1463   0.1751   0.1799   0.1343   0.1440   0.1425   0.1550   0.1564   0.2169   0.2794   0.2832   0.2523   0.2705   0.2340   0.2405   0.1917   0.1703   0.1974   0.1986   0.2128   0.2019   0.1959   0.1522   0.1458   0.1562   0.1729   0.1661   0.1755   0.1986   0.1881   0.1485   0.1121   0.1068   0.1295   0.1450   0.1520   0.1486   0.1417   0.1143   0.1041   0.1440   0.2075   0.1994   0.2179   0.2044   0.2148   0.1417   0.1393   0.2622   0.3327   0.3146   0.3317   1.4187
2026.10.02    1.1894   0.2599   0.2301   0.4253   0.4974   0.4074   0.3444   0.3081   0.2578   0.2753   0.3026   0.3620   0.2464   0.2309   0.2720   0.3074   0.2531   0.2257   0.2226   0.2112   0.1987   0.2326   0.2444   0.2139   0.1927   0.2057   0.2327   0.1902   0.3968   0.3517   0.2914   0.3357   0.3300   0.2636   0.2596   0.2579   0.2347   0.2536   0.2584   0.2807   0.3060   0.2461   0.1948   0.1833   0.1696   0.1925   0.1885   0.1605   0.1657   0.2139   0.1971   0.1817   0.1988   0.2060   0.2060   0.2089   0.2280   0.1952   0.1425   0.1768   0.2288   0.2603   0.2047   0.2536   0.3086   0.3241   0.3682   0.4164   0.3924   0.3011   0.2345   0.3814   1.2046
2026.10.03    0.8109   0.3734   0.4310   0.5035   0.5413   0.4499   0.3385   0.3448   0.3331   0.3887   0.4603   0.4847   0.4080   0.3173   0.3663   0.3908   0.3477   0.3372   0.3875   0.3717   0.3515   0.3877   0.3687   0.2808   0.2746   0.2896   0.2835   0.3210   0.5899   0.4496   0.4174   0.4228   0.4171   0.3957   0.3700   0.3366   0.2853   0.2918   0.2955   0.3095   0.3062   0.2945   0.2357   0.2176   0.1754   0.1903   0.2253   0.2320   0.2589   0.2997   0.2661   0.1995   0.2105   0.2483   0.3306   0.3347   0.2812   0.2354   0.2099   0.1910   0.1660   0.1524   0.2205   0.3073   0.3759   0.3898   0.3621   0.3428   0.4256   0.4180   0.4315   0.4822   1.4133
2026.10.04    1.2353   0.6897   0.6303   0.6010   0.5359   0.3565   0.3492   0.3917   0.3753   0.4992   0.6842   0.7073   0.6060   0.4983   0.4896   0.5219   0.5556   0.5917   0.6077   0.5402   0.5133   0.5406   0.5405   0.5301   0.4676   0.4114   0.3272   0.4805   0.5721   0.4598   0.5367   0.5717   0.5621   0.5608   0.4850   0.4016   0.3612   0.3509   0.3148   0.2750   0.2987   0.3199   0.2682   0.2823   0.2698   0.2859   0.2460   0.2566   0.3553   0.3400   0.3360   0.2980   0.2575   0.2829   0.3865   0.4892   0.5153   0.4113   0.3410   0.2700   0.2371   0.2830   0.3989   0.5476   0.5335   0.4439   0.4596   0.4852   0.5098   0.5185   0.4364   0.4479   1.2546
2026.10.05    1.7842   0.7734   0.7795   0.7421   0.5908   0.4613   0.4428   0.4982   0.6026   0.7184   0.7812   0.8065   0.7893   0.7347   0.6096   0.4985   0.6296   0.7511   0.7268   0.6626   0.6349   0.5531   0.6058   0.7148   0.6675   0.5994   0.4965   0.5354   0.6241   0.4280   0.5545   0.6557   0.6222   0.5881   0.5604   0.5375   0.4805   0.4395   0.3816   0.3069   0.2797   0.3485   0.3594   0.3342   0.2890   0.3298   0.3688   0.3326   0.4578   0.5040   0.4326   0.3628   0.3741   0.4665   0.5495   0.5135   0.5253   0.5349   0.4830   0.4171   0.3282   0.3156   0.4568   0.6488   0.5966   0.5036   0.5298   0.6751   0.6371   0.5978   0.6197   0.7134   1.1522
