# GEFS relative AAM tendency forecast by latitude
# Units: sigma/day
# Generated: 2026-10-01
# Lats: 90.00 87.50 85.00 82.50 80.00 77.50 75.00 72.50 70.00 67.50 65.00 62.50 60.00 57.50 55.00 52.50 50.00 47.50 45.00 42.50 40.00 37.50 35.00 32.50 30.00 27.50 25.00 22.50 20.00 17.50 15.00 12.50 10.00 7.50 5.00 2.50 0.00 -2.50 -5.00 -7.50 -10.00 -12.50 -15.00 -17.50 -20.00 -22.50 -25.00 -27.50 -30.00 -32.50 -35.00 -37.50 -40.00 -42.50 -45.00 -47.50 -50.00 -52.50 -55.00 -57.50 -60.00 -62.50 -65.00 -67.50 -70.00 -72.50 -75.00 -77.50 -80.00 -82.50 -85.00 -87.50 -90.00
2026.10.02   -1.4553  -0.0184  -0.1506  -0.1037  -0.4140  -0.7209  -0.6064  -0.1282   0.0969   0.1396   0.3125   0.5051   0.7508   0.8660   0.7562   0.6335   0.1339  -0.2022  -0.5134  -0.5050  -0.2642  -0.2493  -0.3977  -0.2530  -0.1461  -0.1783  -0.3392  -0.3952   0.1432   0.6418   0.3356  -0.0373  -0.2644  -0.2097  -0.1281  -0.1023  -0.0013  -0.0145  -0.0796  -0.4434  -0.5779  -0.3457  -0.0558   0.0107   0.0434   0.2485   0.3391   0.1362  -0.4282  -0.8185  -0.8435  -0.5198  -0.0250   0.5062   0.6561   0.4342   0.2348   0.0265  -0.0808  -0.0586  -0.2330  -0.0489   0.1068  -0.4854  -0.9050  -0.6833  -0.0398   0.5298   0.3611   0.1130   0.1541   0.4377   0.5447
2026.10.03   -0.0060   0.0270   0.1575  -0.1464  -0.3258  -0.2970  -0.1721  -0.1273  -0.2127  -0.2629  -0.2617   0.1092   0.2969   0.8693   1.1762   0.8916   0.4307  -0.0150  -0.3286  -0.5956  -0.7281  -0.2862   0.2622   0.2211   0.0303  -0.1335  -0.4018  -0.6063   0.0697   0.3839  -0.0197  -0.1405  -0.0497  -0.1370  -0.0918   0.0185   0.1127   0.0705  -0.1710  -0.4698  -0.5348  -0.3186  -0.0884   0.1335   0.2228   0.1109  -0.2064  -0.6061  -1.0987  -0.9935  -0.3495   0.0116   0.1631   0.1433   0.0778  -0.1491  -0.3296  -0.1574  -0.0499   0.0177   0.2794   0.4017   0.1494   0.0576   0.1533   0.1225  -0.2434  -0.5494  -0.6777  -0.6523  -0.8084  -1.0210  -0.0814
2026.10.04   -0.9798  -0.1728  -0.1265  -0.2817  -0.4792  -0.5451  -0.5284  -0.7421  -0.5479  -0.1750   0.0074  -0.0248   0.1006   0.2353   0.3776   0.4727   0.7052   0.6549   0.4457   0.0517  -0.0518   0.1191   0.3249   0.1715  -0.2090  -0.4527  -0.2677   0.5623   0.1104  -0.1151  -0.1991  -0.0679   0.0196  -0.2523  -0.1749   0.0008  -0.0654  -0.1223  -0.1655  -0.1095  -0.1363  -0.1877  -0.2523  -0.1192   0.0383   0.0403  -0.0614  -0.1696  -0.3207  -0.3082  -0.2443  -0.1189   0.0708   0.1574   0.2898   0.5308   0.5162   0.0776  -0.1497  -0.3640  -0.6123  -0.7806  -0.5900  -0.2219  -0.0052  -0.5952  -1.2791  -1.5552  -1.4393  -1.0673  -0.6697  -0.1569   1.2053
2026.10.05   -0.6101  -0.3349  -0.2727  -0.2107  -0.0839  -0.0451  -0.1941  -0.4793  -0.7927  -0.7087  -0.1642   0.4689   0.8548   0.6308   0.0594  -0.2519  -0.2262  -0.2192   0.0033   0.5200   0.5619   0.1078  -0.0261  -0.0088  -0.0624  -0.0327   0.5014   0.1659  -0.0475  -0.2024  -0.1242   0.0943   0.1284  -0.1496  -0.1694  -0.1334  -0.1717  -0.3068  -0.3065  -0.2004  -0.1618  -0.1654  -0.2110  -0.1537  -0.1003   0.0363   0.3456   0.4009   0.1828  -0.2849  -0.5526  -0.3999  -0.2071  -0.2768  -0.4035  -0.3529  -0.1451   0.1049   0.0879  -0.0100  -0.0571  -0.0602  -0.0033  -0.0134  -0.4584  -0.7374  -1.0790  -1.2124  -1.0389  -0.7018  -0.2884  -0.1273   1.1602
2026.10.06   -1.0691  -0.0618  -0.1587  -0.0860   0.0312   0.0367  -0.0900  -0.2441  -0.4359  -0.5093  -0.5595  -0.2810   0.1480   0.3067   0.3963   0.2832   0.1362  -0.0736  -0.3002  -0.4552  -0.5319  -0.3793  -0.0112   0.2021   0.4323   0.5976   0.1993  -0.1094  -0.1459  -0.1027   0.1109   0.1161   0.1322   0.1510   0.1726   0.0342  -0.1507  -0.2199  -0.2520  -0.2766  -0.2397  -0.1886  -0.1287  -0.1258  -0.0738   0.0628   0.0222  -0.2142  -0.2112  -0.4200  -0.7535  -0.8653  -0.8111  -0.6336  -0.4772  -0.3199   0.1096   0.6371   1.0157   0.9643   0.6314   0.0787  -0.3933  -0.5513  -0.6168  -0.7873  -0.6115  -0.1762   0.1120   0.1216  -0.0049  -0.1040   0.4164
2026.10.07   -0.7427   0.2061   0.0793  -0.0686  -0.0812   0.0583   0.1053  -0.1292  -0.2716  -0.4140  -0.6995  -0.9371  -0.7619  -0.2228   0.1400   0.2803   0.3849   0.3543   0.3093   0.3053   0.1126  -0.0971  -0.1887  -0.0790  -0.1043  -0.2569  -0.3628  -0.1340   0.1009   0.1419   0.1324   0.0220  -0.0559   0.0999   0.1675   0.0718   0.0004  -0.0776  -0.0728  -0.0423  -0.1012  -0.1300  -0.0448  -0.0846  -0.1731  -0.2616  -0.2934  -0.2508  -0.1442   0.0032  -0.1346  -0.2474  -0.3197  -0.5302  -0.5240  -0.1984   0.0933   0.3450   0.4810   0.4468   0.4103   0.3276   0.2461   0.0190  -0.2082  -0.4520  -0.5367  -0.3904  -0.0335   0.4759   0.6965   0.8111   0.9723
