# Relative AAM tendency by latitude — ERA5 reanalysis + GFS f000 gap-fill
# Source: ECMWF Copernicus CDS (ERA5) + NOAA AWS S3 (GFS f000 analysis)
# Climatology base: 1980–2010
# Units: sigma per day (day-to-day difference of standardised AAM anomaly)
# Generated: 2026-10-04
# Lats: 90.00 87.50 85.00 82.50 80.00 77.50 75.00 72.50 70.00 67.50 65.00 62.50 60.00 57.50 55.00 52.50 50.00 47.50 45.00 42.50 40.00 37.50 35.00 32.50 30.00 27.50 25.00 22.50 20.00 17.50 15.00 12.50 10.00 7.50 5.00 2.50 0.00 -2.50 -5.00 -7.50 -10.00 -12.50 -15.00 -17.50 -20.00 -22.50 -25.00 -27.50 -30.00 -32.50 -35.00 -37.50 -40.00 -42.50 -45.00 -47.50 -50.00 -52.50 -55.00 -57.50 -60.00 -62.50 -65.00 -67.50 -70.00 -72.50 -75.00 -77.50 -80.00 -82.50 -85.00 -87.50 -90.00
2026.08.06    0.0000  -1.5226  -0.9314  -0.5355   0.0571   0.1638  -0.1329  -0.4386  -0.7395  -1.0762  -0.5439   0.2296   0.4608   0.5915   0.3701  -0.0371  -0.8352  -0.9624  -0.2351   0.1981   0.2181   0.6233   0.5888   0.4691   0.4302   0.3428   0.6365   0.2541   0.1211  -0.0321  -0.0683  -0.4901  -0.3289  -0.3265  -0.3969  -0.0968   0.1102   0.0795   0.0534  -0.0063  -0.1468   0.0018  -0.0785  -0.2005  -0.1680  -0.0522  -0.1220  -0.1656  -0.0551  -0.1347  -0.2404  -0.1169   0.1184   0.6810   1.1875   0.6060   0.0984  -0.4576  -0.9352  -0.8298  -0.5250  -0.3524  -0.2629   0.2984   0.8288   0.8568   0.4822   0.4094   0.8248   1.1014   1.3497   1.4777   2.0000
2026.08.07    0.0000  -1.0380  -0.7598  -0.0405   0.4065   0.5754   0.3098  -0.0570  -0.2523  -0.0230   0.4057   0.3187   0.3849  -0.0344  -0.3018  -0.3754  -0.0869  -0.0076  -0.3317  -0.3727  -0.0870  -0.1463   0.2348   0.5426   0.7140   0.9851   0.6117   0.4132   0.0575  -0.0321  -0.2448  -0.2340  -0.0152  -0.0559  -0.0940  -0.3738  -0.3200  -0.0105   0.0927   0.0025  -0.0259  -0.2071  -0.3278  -0.2156  -0.0181   0.0365   0.0191  -0.0162   0.1063   0.2080   0.4987   0.5634   0.2314  -0.4308  -0.9355  -0.6928  -0.7443  -0.6480  -0.1829   0.2546   0.5903   0.7328   0.6435   0.1714   0.0193  -0.1260  -0.1993  -0.2592  -0.7319  -0.8269  -0.8127  -0.3368   0.0000
2026.08.08    0.0000   2.0000   2.0000   1.4410   0.1974  -0.5010  -0.2599   0.1757   0.5420   0.6178   0.2162  -0.0145  -0.4191  -0.2513   0.0543   0.0842  -0.2412  -0.3805  -0.4341  -0.1372   0.3892   0.4075   0.3320   0.4530   0.2919   0.0152  -0.3230   0.0885   0.2096   0.0887   0.0872  -0.3085  -0.3243  -0.3447  -0.2902  -0.1776  -0.2326  -0.0482   0.0492  -0.0112  -0.0740   0.0428   0.0300   0.0689   0.0994   0.1374   0.0426  -0.1550  -0.1174   0.1601   0.4137   0.3884   0.0063  -0.3404  -0.6111  -0.6091  -0.6126  -0.2373   0.1228   0.1462  -0.1115  -0.4018  -0.3734   0.1945   0.2769   0.5260   0.5880   0.1559  -0.8895  -1.2162  -1.0908  -0.9346   0.0000
2026.08.09   -2.0000  -0.2839  -0.3201   0.2037   0.3874   0.5311   0.0608  -0.5756   0.0619   0.6099   0.1865  -0.3461  -0.3412  -0.3731  -0.2576   0.0221   0.1169  -0.1379   0.0763   0.1954   0.0485   0.1932   0.2398   0.1808   0.2800   0.1769  -0.1642  -0.2687   0.2013   0.1188  -0.4053  -0.2926  -0.4574  -0.2536  -0.2003  -0.0290  -0.0318  -0.1253  -0.0887  -0.0333   0.0183  -0.0619  -0.0545  -0.0613  -0.2476  -0.4916  -0.3378  -0.1093   0.0133   0.1182  -0.2950  -0.7891  -0.6436  -0.4033   0.0862   0.6503   1.1326   0.8734   0.1243  -0.2377  -0.4451  -0.2151   0.0073   0.0856   0.1801  -0.2641  -0.1730  -0.1231   0.3645   0.1537  -0.1305  -0.2816   0.0000
2026.08.10    0.0000  -2.0000  -1.7593  -1.6880  -1.0549  -0.5856  -0.2262   0.3118   0.4163   0.1010   0.2315   0.0451  -0.4493  -0.7169  -0.9272  -0.6116   0.3741   1.0252   0.9042   0.0234  -0.4936  -0.2294   0.1324   0.2716   0.3017   0.7028   0.4297   0.1007  -0.1360  -0.2011  -0.3249  -0.0485   0.3127   0.4868   0.3591   0.0471  -0.0181  -0.0875  -0.1932  -0.1044  -0.1109  -0.1294  -0.1474  -0.2335  -0.2234  -0.0933  -0.1376  -0.1895  -0.2161  -0.1295  -0.2878  -0.4445  -0.6333  -0.4750  -0.2238   0.0050   0.4222   0.8936   1.1528   0.8596   0.6504   0.6003   0.7127   0.1064  -1.2115  -1.5025  -1.0647  -0.3637   0.4222   0.6659   0.3298   0.3033   0.0000
2026.08.11    0.0000  -0.6767  -0.9378  -1.0315  -1.5355  -1.4395  -0.4871   0.2142   0.4073   0.7029   0.0942  -0.2134  -0.5554  -0.7678  -0.2945   0.6557   0.7454   0.1945  -0.3596  -0.2859  -0.1862  -0.1244   0.0837   0.3740   0.4128   0.6176   0.6775   0.2016  -0.2046  -0.0579   0.1229   0.0894   0.1406  -0.0869   0.1270   0.3234   0.1581  -0.0483  -0.3213  -0.3346  -0.2978  -0.1794   0.1102   0.5824   0.7379   0.6495   0.4485   0.2807   0.1258  -0.2627  -0.4128  -0.1496   0.0255  -0.0609  -0.1092   0.2008   0.3700   0.2663   0.2228   0.2520   0.1163  -0.2493  -0.5341  -0.5839  -0.2380  -0.0037  -0.1267  -0.1393   0.0154  -0.0163  -0.0927  -0.0581   0.0000
2026.08.12    0.0000  -0.7892  -0.6978  -0.5935  -0.2670  -0.0859   0.0045   0.2302   0.0767  -0.2386  -0.3121  -0.6630  -0.4704   0.1265   0.2234  -0.2511  -0.1973   0.2238   0.2382   0.1323  -0.0161   0.1468   0.4220   0.5178   0.6731  -0.0220  -0.2986   0.3210   0.4285   0.2162  -0.0126  -0.4055  -0.5971  -0.2415   0.0887   0.0622   0.2859   0.4047   0.2590  -0.0161   0.0180   0.2055   0.4287   0.5927   0.7933   0.9271   0.8321   0.7021   0.2065  -0.1442  -0.1270  -0.0152   0.1544   0.3076   0.3846  -0.0075  -0.4741  -0.6415  -0.5925  -0.5936  -0.6331  -0.6797  -0.5719  -0.0432   0.7470   1.0822   0.7780   0.2666   0.3057   0.9446   1.6275   1.4127   0.0000
2026.08.13    0.0000   0.4263   0.3573   0.7250   0.9932   0.6890   0.0798  -0.1861  -0.0354  -0.0252  -0.2117  -0.2039   0.0014  -0.1151  -0.4373  -0.6091  -0.5543  -0.1984   0.4890   0.6709   0.7027   0.6906   0.4953   0.3689   0.2689  -0.0216  -0.3796  -0.3409  -0.3317  -0.3194  -0.3483  -0.3445  -0.4370  -0.3420  -0.0557   0.0820   0.0683   0.1170   0.2072   0.3837   0.3003   0.4027   0.5075   0.4510   0.3691   0.4540   0.6332   0.7037   0.7152   0.4991   0.3496   0.2644   0.3563   0.3048   0.1227  -0.3236  -0.9784  -1.1884  -1.1914  -0.9258  -0.2945   0.0397   0.0443   0.2445  -0.0807   0.0082   0.6604   1.5964   1.5699   1.1085   0.8691   1.0397   0.0000
2026.08.14    0.0000   0.8065   0.7390   0.9610   0.7321   0.5055   0.1812  -0.2512  -0.3866   0.1154   0.7810   0.5230  -0.0151  -0.1708   0.0076   0.1828  -0.0620  -0.2939  -0.4243   0.1030   0.5851   0.3419   0.2210   0.2663   0.0246   0.4608   0.1322  -0.6311  -0.8079  -0.6113  -0.2307  -0.3135  -0.4062  -0.2370  -0.0548   0.3236   0.4402   0.1446   0.1720   0.1807   0.3508   0.4212   0.2419  -0.0670  -0.0780  -0.0158   0.2719   0.4178   0.4113  -0.0686   0.1004   0.1515   0.1079   0.2664   0.0567  -0.1456  -0.1781  -0.4362  -0.5525  -0.4996  -0.4456   0.0150   0.5997   0.8426   0.5934  -0.1066  -0.8536  -0.7906  -0.2353   0.4279   0.3266   0.1482   0.0000
2026.08.15    0.0000   0.3605   0.5578   0.4235   0.4918   0.8131   0.4778  -0.5614  -0.9138  -0.7893  -0.6365  -0.0798   0.6467   1.0166   0.8100   0.3963   0.4737   0.4344  -0.3123  -0.9225  -0.6699  -0.2683  -0.0810   0.0112   0.2901   0.3436   0.3651  -0.1263  -0.4416  -0.3470  -0.0168   0.1778  -0.2124  -0.0604  -0.0769  -0.1287  -0.1532  -0.0118   0.1664   0.2970   0.3187   0.1563  -0.0193  -0.0631   0.0073  -0.0616  -0.1254  -0.3873  -0.7527  -0.4878  -0.3518  -0.1822  -0.1320  -0.1104   0.1979   0.5861   0.6687   0.5856   0.2691   0.0525   0.1043   0.0314  -0.0931  -0.3218  -0.0555   0.3344   0.4872   0.0565  -0.4767  -0.6942  -0.8994  -0.9820  -2.0000
2026.08.16    0.0000  -0.4432  -0.0489   0.5105   0.7327   0.4189   0.4036   0.3143  -0.7539  -1.4611  -0.9988  -0.3743   0.1289   0.3677   0.7969   1.1646   1.2343   0.8406   0.2831  -0.6375  -1.0014  -1.0185  -0.7655  -0.2409   0.4764   0.3753  -0.2193  -0.5810   0.0672   0.1498   0.0199   0.0408   0.2914   0.0966   0.1488  -0.2624  -0.1231   0.0599   0.1340   0.1862   0.1313  -0.0482  -0.1729  -0.1773  -0.3009  -0.5825  -1.0293  -1.0149  -0.3725  -0.0454  -0.0799  -0.1859  -0.3030  -0.3979  -0.3017   0.0519   0.7036   1.1958   1.4405   1.6212   1.0262   0.0799  -0.8804  -0.9842  -0.5359   0.2275   0.4140  -0.3039  -0.8746  -1.0543  -0.7089  -0.6012   0.0000
2026.08.17    2.0000  -0.1729   0.3113   0.3287   0.3879   0.2364  -0.3045  -0.4295  -0.1260   0.1828  -0.2689  -0.4830  -0.6015  -0.1417   1.1196   1.6087   0.7246   0.0005  -0.0207   0.2446  -0.1975  -0.2894  -0.4508  -0.5987  -0.6090  -0.4641  -0.1846   0.1996  -0.0583  -0.0531  -0.1094  -0.0170   0.1876   0.5568   0.1395   0.0270  -0.0524   0.1312   0.1908   0.1587  -0.0536  -0.1615  -0.4304  -0.7009  -1.1033  -1.3841  -1.2593  -0.7271  -0.0728   0.3088   0.4300   0.6218   0.7558   0.7497   0.4027  -0.0355  -0.3464  -0.1285   0.2035   0.1055   0.2065   0.5971   0.8842   0.4864   0.1933  -0.0125  -0.2688  -0.0370   0.3197   0.0548  -0.1092  -0.1099   0.0000
2026.08.18    0.0000   0.0663  -0.2044   0.1779   0.2159  -0.0408  -0.2034  -0.0144   0.1200   0.3146   0.5304   0.2311   0.2756   0.2828  -0.2544  -0.4248   0.0256   0.1149   0.2798   0.7483   0.2764  -0.5203  -0.1941  -0.1674  -0.5571  -0.6842   0.0096  -0.0430  -0.0977   0.0401   0.0921  -0.1320   0.0933   0.2921   0.5361   0.4018   0.1128  -0.1582  -0.1912  -0.3028  -0.4133  -0.8679  -1.1089  -0.9939  -0.8010  -0.4587  -0.3342  -0.1948  -0.1933   0.2283   0.6875   0.7626   0.7948   0.5051   0.1847  -0.0571  -0.1031  -0.0681  -0.1494  -0.1118   0.0304   0.1893   0.4450   0.3652   0.0483  -0.3770   0.0659   0.4851  -0.1068  -0.2937  -0.2377  -0.4941   0.0000
2026.08.19    0.0000   0.8833   0.6309  -0.5543  -0.9009   0.0528   0.6707   0.6079   0.7253   0.6023   0.3306   0.2534  -0.1071  -0.7756  -0.7429  -0.6475  -0.6129  -0.1217   0.5562   0.6980   0.7385   0.5005  -0.2952  -0.1485  -0.2646  -0.2810  -0.0981   0.2945   0.3536   0.1350   0.0944   0.0065   0.2643   0.4427   0.0001  -0.2233  -0.2551  -0.1433  -0.2946  -0.2942  -0.4054  -0.5349  -0.6831  -0.6980  -0.5243  -0.2756   0.1534   0.3874   0.4775   0.6552   0.7092   0.5117   0.2389   0.2299   0.4381   0.3887   0.3006   0.0461  -0.1503  -0.1266  -0.2585  -0.4545  -0.4891  -0.2281   0.1510   0.3746   0.0888   0.0191   0.4490   0.7211   0.4387   0.4133   2.0000
2026.08.20    0.0000   0.0048  -0.0080   0.1675  -0.0596  -0.6040  -0.2972   0.2895   0.9053   0.7626   0.1563   0.4744   0.1387   0.1663  -0.4399  -0.7045  -0.2761   0.0767  -0.0782  -0.4179   0.2977   0.7729   0.4891  -0.4167  -0.4535  -0.2583  -0.1648   0.6978   0.3336  -0.0913  -0.3249   0.0524   0.3842  -0.0611  -0.0842  -0.2959  -0.2393  -0.2948  -0.2283  -0.2328  -0.3334  -0.2560  -0.1647  -0.1061   0.1564   0.3861   0.6856   0.7819   0.5432   0.0029  -0.2146   0.0125   0.4140   0.8862   0.8103   0.3462  -0.2327  -0.5338  -0.7541  -1.1090  -1.2829  -0.9625  -0.2101   0.8896   1.6263   1.4177   0.9494   0.2301  -0.1002  -0.1073   0.1822   0.6503   0.0000
2026.08.21    0.0000  -0.3733  -0.0243  -0.2385  -0.2505  -0.3309  -0.2086  -0.0555   0.0219   0.3337   0.4157   0.2024   0.7018   0.8613   0.5768  -0.0694  -0.8847  -1.0557  -0.7696  -0.1086   0.2822   0.3523   0.0012  -0.2675  -0.0589   0.1047   0.5618   0.0870   0.0894  -0.0625   0.4172   0.7059   0.3659  -0.0997  -0.2411   0.1355  -0.0198  -0.1130  -0.0243  -0.1671  -0.0867   0.0022   0.1333   0.3203   0.4179   0.5672   0.6217   0.4880   0.4184   0.3747   0.3191   0.4596   0.4966   0.2445   0.0179  -0.1821  -0.7345  -1.0605  -0.9503  -0.7434  -0.1610   0.1553  -0.0404  -0.3061  -0.5955  -0.5121   0.0543   0.5411   0.3233   0.0213   0.1634   0.0975   0.0000
2026.08.22   -2.0000  -0.7226  -1.3890  -0.9291  -0.4677   0.0656   0.4757   0.5835   0.2493   0.0199   0.3648   0.0958  -0.0102  -0.0026  -0.0841  -0.1283   0.1332  -0.1506  -0.4858  -0.3907  -0.1991   0.0272   0.4094   0.3727  -0.0136   0.2108  -0.2429  -0.4720   0.0093   0.6278   0.0784   0.1921   0.0232  -0.2361  -0.4558  -0.2042  -0.0806  -0.0720  -0.0451   0.0899   0.2046   0.1611   0.3655   0.2885   0.0763  -0.1199  -0.2250   0.0104   0.0676   0.2249   0.3508   0.1513  -0.0105  -0.0039   0.1783   0.3432   0.2972  -0.2320  -0.3354  -0.3059  -0.5157  -0.4972  -0.2024  -0.3034  -0.3742  -0.0092  -0.0507  -0.2576   0.4870   1.1731   1.0067   0.3749  -2.0000
2026.08.23    2.0000  -0.2900  -0.3660  -0.7934  -0.4232   0.3197   0.7024   0.7021   0.2933  -0.0852  -0.1463  -0.2359  -0.5358  -0.6946  -0.4869  -0.1592   0.2281   0.8427   0.9731   0.3747  -0.4001  -0.5281  -0.1534   0.2471   0.0190  -0.8769  -0.7188  -0.0057   0.4791   0.0695   0.2959   0.0415  -0.3790  -0.0538   0.3427   0.1182  -0.0143  -0.2619  -0.2877  -0.0067   0.0213   0.1916   0.1612   0.0220  -0.0940  -0.1735  -0.2070  -0.3574  -0.3692   0.0576   0.0404  -0.0504  -0.0810  -0.0003   0.0459  -0.0097   0.1741   0.4166   0.0249  -0.2959  -0.1708  -0.0329  -0.0156   0.0378   0.2851   0.3817   0.4595   0.7620   0.4454   0.3817   0.1904   0.3065   2.0000
2026.08.24    0.0000   0.2059   0.3922   0.4981   0.6272   0.1485  -0.4752  -0.1061   0.8230   0.8178   0.2130   0.0417  -0.0694  -0.6709  -1.1408  -1.1156  -0.5412   0.0132   0.3858   0.5883   0.7859   0.3637  -0.3033  -0.2446  -0.1668  -0.3460   0.0263   0.2879  -0.3190   0.0028  -0.0301  -0.1277   0.3137   0.3873   0.3459  -0.0217  -0.2514  -0.0986  -0.1244  -0.3420  -0.0987   0.0595   0.0267   0.0834   0.0865  -0.0542  -0.2293  -0.3032  -0.1374   0.0630   0.3579   0.5671   0.4507   0.2706  -0.0707  -0.1937  -0.3766  -0.4669  -0.0884   0.1473   0.0824  -0.2108  -0.5471  -0.5895  -0.3728   0.1585   1.1223   1.3328   1.0098   0.2751   0.1846   0.7200   0.0000
2026.08.25    0.0000   1.4749   1.3854   0.9310  -0.1093  -0.6619  -0.2189   0.3946   0.3747   0.5332   0.5378   0.3086  -0.0555  -0.3879  -0.5803  -0.4936  -0.6153  -0.5150   0.1132   0.6246   0.5183   0.2007  -0.0214  -0.2817  -0.6134  -0.1933   0.1214  -0.3175   0.0078   0.0519   0.2776   0.4164   0.5902   0.6038   0.0921  -0.0986  -0.0935  -0.1801  -0.3224  -0.3374  -0.2766  -0.2448  -0.0878   0.0314   0.0691   0.2122   0.3023   0.3422   0.6025   0.3969   0.1682   0.2356   0.3350   0.0464  -0.3793  -0.4683  -0.3991  -0.2989  -0.5050  -0.2577  -0.0756   0.0199   0.0008   0.1906   0.0399  -0.1825  -0.3902  -0.6447  -0.6827  -0.7712  -0.3811  -0.3933   0.0000
2026.08.26    0.0000  -1.9070  -1.2730  -0.1859   0.2785   0.1273  -0.1074   0.0468   0.1423   0.1032   0.1560   0.1330  -0.1031   0.0592  -0.1194  -0.2227  -0.3159  -0.2536   0.1417   0.1337   0.0809   0.3900   0.5463  -0.0435  -0.5732  -0.1552  -0.4282  -0.1017   0.0933   0.0876   0.2762   0.1230   0.0169  -0.2741  -0.2958  -0.1244   0.0993   0.0637   0.0073  -0.0234  -0.1630  -0.2125  -0.0215   0.0978   0.1702   0.3721   0.3152   0.0742  -0.2290  -0.0949  -0.0177  -0.0735  -0.3658  -0.6102  -0.5814  -0.4652  -0.0958   0.4041   0.7701   0.5614   0.3773   0.4496   0.5567   0.0848  -0.2265  -1.1236  -1.9639  -2.0000  -1.6920  -0.7087  -0.4178  -0.6893   0.0000
2026.08.27    0.0000   1.9752   1.2230   0.2100  -0.2126  -0.2784  -0.4738  -0.6393  -0.2593   0.0199  -0.1859  -0.4158  -0.3768   0.2411   0.9067   0.6330   0.3119   0.1906  -0.0130  -0.0703  -0.0956  -0.0520  -0.1629  -0.2370  -0.0001  -0.1422  -0.3729   0.0524   0.2552   0.0940   0.0546   0.4333   0.3129   0.1790   0.1254   0.0950   0.0386   0.0568   0.0409   0.0217   0.1002   0.0860   0.0439   0.1127   0.2122  -0.0308  -0.3215  -0.1285   0.1630  -0.4661  -0.9698  -1.1293  -1.0108  -0.7579  -0.0154   0.7777   1.3301   1.0794   0.5545   0.4546   0.2244  -0.1080   0.0844   0.3584  -0.0409  -0.4287  -1.0175  -1.0688  -1.2549  -1.4081  -1.2342  -0.8528   0.0000
2026.08.28    0.0000  -1.3232  -0.8441  -0.5437  -0.1481   0.0866   0.1034  -0.4836  -0.9285  -0.6218   0.0573   0.2463   0.0901  -0.1095   0.4184   0.8064   0.7948   0.3309   0.0906  -0.0129  -0.5295  -0.6537  -0.2654  -0.0589   0.1409  -0.2905  -0.1679  -0.1779  -0.1297   0.1490  -0.1513  -0.0480  -0.3200  -0.0584   0.2686   0.3127   0.2952   0.1982  -0.0322  -0.0816  -0.1059   0.1661   0.1433   0.0228  -0.1005  -0.1220   0.1239  -0.0790  -0.9341  -1.1290  -1.0636  -1.2037  -0.9657  -0.0617   0.7102   1.0128   0.9487   0.9682   0.7473   0.1528   0.1911   0.6356   0.2894  -0.2584  -0.6947  -0.4929  -0.1966  -0.3834  -0.0930   0.1864   0.2566   0.2291   0.0000
2026.08.29    0.0000   1.4256   0.8374   0.6223   0.4056   0.3773  -0.2633  -0.5658  -0.6192  -0.6847  -0.3745  -0.1176   0.3226   0.4551  -0.1800  -0.1215   0.6592   0.8723   0.0312  -0.6932  -0.5090  -0.1029   0.0411   0.4702   0.2759   0.1729  -0.0447  -0.4455  -0.1239   0.2350   0.3475  -0.0841  -0.0189   0.2725   0.0414   0.0525   0.0071   0.0261   0.0355  -0.0503   0.0255  -0.0933  -0.2071  -0.2831  -0.3161  -0.2046  -0.1248  -0.4878  -0.8789  -1.0368  -0.7660  -0.0970   0.5366   0.7426   0.7985   0.7800   0.6508   0.5638   0.3683   0.0593  -0.0207  -0.1457  -0.1645  -0.4441  -0.5934  -0.5728  -0.4080   0.4198   0.6004   0.1490  -0.2344  -0.1132   0.0000
2026.08.30    0.0000   1.7022   0.6406  -0.0981  -0.3195  -0.3332   0.3290   0.2913  -0.0234  -0.4539  -0.5606  -0.1400   0.3054  -0.1588  -0.2799   0.0208   0.0976   0.1886   0.1851   0.3783   0.0659  -0.1671   0.1308   0.0084   0.3883   0.3622   0.0017  -0.1468  -0.2699   0.1594   0.3752  -0.0528  -0.0412   0.0000   0.0690   0.0539   0.0361  -0.0222  -0.0659  -0.1091  -0.2689  -0.3647  -0.3935  -0.2591  -0.1710  -0.4845  -1.3017  -1.5121  -0.5881   0.6326   1.1965   1.1822   1.1610   0.9333   0.5177   0.1828  -0.2418  -0.3786   0.0524   0.4881   0.3702  -0.0300  -0.5025  -0.9188  -1.0646  -1.3941  -1.3373  -0.6194   0.1487   0.5642   0.1390  -0.6552   0.0000
2026.08.31    0.0000  -1.8329  -0.6986  -0.0174  -0.0673  -0.4296  -0.4856   0.0574   0.3918   0.4271   0.0976  -0.0548  -0.0551   0.2838   0.5932   0.2005  -0.4192  -0.3435   0.0337   0.2844   0.1395  -0.3035  -0.4350  -0.1790   0.0277   0.4177   0.3603   0.2312   0.1869  -0.2410  -0.1989   0.0675   0.0629  -0.3109  -0.1445  -0.1531  -0.0861  -0.0365  -0.0297  -0.1407  -0.1661  -0.2425  -0.3182  -0.5801  -0.9588  -1.1537  -0.9109  -0.3019   0.1810   0.5352   0.9214   1.1206   1.1362   0.9944   0.4245  -0.2165  -0.1250   0.0822  -0.0555  -0.1617  -0.2939  -0.3039  -0.3155   0.0302   0.1989   0.2263  -0.7797  -2.0000  -2.0000  -1.8829  -0.4999   0.4873   0.0000
2026.09.01    0.0000  -1.0438  -0.8205  -0.4048  -0.2543   0.0027   0.2003   0.4152   0.5630   0.4792   0.3484   0.1189  -0.3066  -0.2450  -0.2311   0.1463   0.2327  -0.2358  -0.5869  -0.5625   0.3178   0.6082   0.1489   0.1606   0.3945   0.5064   0.3317   0.1190  -0.1153  -0.2532  -0.3612   0.3491   0.2099   0.0737  -0.0699  -0.2075  -0.1003  -0.1901  -0.1472  -0.3193  -0.2333  -0.2317  -0.4605  -0.5903  -0.3977  -0.0970   0.3307   0.3160   0.2311   0.1786   0.3568   0.4723   0.2421  -0.2012  -0.0105   0.3488   0.0972  -0.2944   0.0051   0.3713   0.0535  -0.3577  -0.3102  -0.5966  -0.5172  -0.1465   0.7946   1.1877   1.1251   0.7755   0.1820  -0.2555   0.0000
2026.09.02    0.0000  -0.3217  -0.5403  -0.4796  -0.3308  -0.1153   0.0164  -0.1425   0.0099   0.3714   0.4888   0.5685   0.2193  -0.3426  -0.5813  -0.6285  -0.2509  -0.3623  -0.0258   0.3296   0.5498   0.4999   0.2890   0.2736   0.3473  -0.0637   0.2219   0.0181  -0.3394  -0.2558  -0.0304   0.0106   0.0434   0.2746   0.0212   0.0376  -0.0906   0.0075   0.0149   0.1691  -0.0091  -0.0834  -0.0613   0.1235   0.1293   0.0896   0.1211   0.3062   0.4172   0.5365   0.2244  -0.2547  -0.6809  -0.7169  -0.6573  -0.4852   0.2383   0.5708   0.3935   0.2525   0.2978  -0.2026  -0.7751  -0.3301   0.2116   0.3845   0.7334   1.5364   2.0000   2.0000   2.0000   2.0000   0.0000
2026.09.03   -2.0000  -0.4226  -0.0840  -0.1520   0.1893  -0.0164  -0.3057  -0.4925  -0.5169   0.1547   0.3722   0.0010   0.0655   0.2192  -0.0577  -0.3028  -0.6381  -0.1439   0.1050   0.3504   0.2119   0.3957   0.6283   0.2938  -0.1815  -0.3786  -0.3640   0.0729  -0.4340   0.1317   0.0278  -0.3369  -0.2011  -0.0478  -0.2202  -0.3101  -0.1179   0.1489   0.3177   0.4162   0.3354   0.2856   0.4164   0.2967   0.1398   0.0522   0.0629   0.1132   0.2291   0.1365  -0.1454  -0.2478  -0.4930  -0.8493  -0.8589  -0.5258   0.2777   0.6949   0.3758  -0.2609  -0.5704  -0.1712   0.4790   0.6677   0.5333   0.4572   0.7206   1.1827   1.0438   0.5264  -0.3455  -0.4713  -2.0000
2026.09.04    0.0000   0.3293   0.2796   0.2532   0.1414   0.1499   0.1311   0.4114   0.3493  -0.4366  -1.0641  -0.4519   0.2193   0.3580   0.4156   0.0935  -0.2699  -0.3671  -0.3374  -0.2040   0.0409   0.1795   0.3140   0.3612  -0.1376  -0.1839  -0.5160  -0.4606  -0.1044   0.1307  -0.1876  -0.2142  -0.2284  -0.4119  -0.2033  -0.0130  -0.0859  -0.1015   0.0480   0.3305   0.4748   0.5150   0.4195   0.4426   0.3768   0.3115  -0.0315  -0.1488  -0.4151  -0.7602  -0.6324  -0.6265  -0.4670   0.2889   0.6241   0.4255  -0.5619  -1.0881  -0.7177  -0.3233   0.1406   0.3045   0.2138   0.3740   0.8964   1.2527   1.2043   0.5781  -0.2227  -0.2979  -0.7636  -1.2098   0.0000
2026.09.05    0.0000   0.1418   0.1426   0.2418   0.2471   0.6900   1.0023   0.5384  -0.0369  -0.4351   0.0883   0.0987  -0.2769  -0.0253   0.3662   0.3790   0.1748  -0.5936  -0.8810  -0.4113   0.2266   0.3264   0.0627  -0.3297   0.0289  -0.2126  -0.3664  -0.5889   0.1146  -0.2171  -0.1623   0.0191  -0.1378  -0.4552  -0.2955   0.0316   0.0096   0.0751   0.0090   0.1071   0.2392   0.3845   0.5154   0.6119   0.7168   0.4786  -0.0605  -0.7256  -1.0019  -0.4829  -0.3574  -0.2947  -0.0303  -0.0953  -0.1653  -0.0513   0.0914   0.0166  -0.3477  -0.4229  -0.4815  -0.3874   0.1482   0.7309   0.8436   0.8727   0.6953   0.1291  -0.0935  -0.3437   0.0137   0.1947   0.0000
2026.09.06    2.0000   0.3274   0.1781   0.3645   0.6667   0.8542   0.5553   0.0012  -0.2773   0.2840   0.4643   0.1060   0.1472   0.1692   0.1524   0.0818  -0.2156  -0.1547  -0.0049  -0.0328  -0.3843  -0.3226  -0.1606  -0.3239  -0.5894  -0.4305  -0.2318  -0.1673   0.4516  -0.1726  -0.0475   0.0309  -0.1482  -0.3417  -0.0233   0.0163   0.2335   0.2232   0.2372   0.2273   0.1110   0.1993   0.1982   0.2976   0.4416   0.5957   0.6342   0.2211   0.1541  -0.1636  -0.4183  -0.2902  -0.3981  -0.4949  -0.5336  -0.4336  -0.3797  -0.2162   0.0170   0.1766   0.2882   0.2514   0.0814   0.0108   0.0441   0.1399  -0.4663  -0.6915  -0.4016  -0.2817  -0.2127  -0.2409   0.0000
2026.09.07    0.0000  -0.0315   0.2318   0.7747   1.0708   0.6408  -0.0696  -0.4044  -0.3184  -0.2687  -0.0140   0.6315   0.5282   0.2455  -0.2770  -0.2519   0.2211   0.5072   0.3958  -0.2585  -0.4702  -0.4456  -0.3485  -0.2656  -0.4622  -0.5332  -0.4223  -0.1518   0.0682  -0.1403  -0.2836  -0.0109  -0.0867  -0.2794  -0.0795   0.1874   0.3783   0.2067   0.0060   0.1849   0.2094   0.2425   0.2707   0.2144   0.2620   0.3820   0.6249   0.6586   0.5138   0.1527  -0.1216  -0.2878  -0.0976  -0.2218  -0.5325  -0.8223  -0.7546  -0.2786   0.0117   0.4396   0.7355   0.5852   0.0063  -0.1611  -0.2852  -0.8085  -0.7581  -0.5282  -0.4822  -0.2837   0.0491  -0.0007   0.0000
2026.09.08   -2.0000  -0.4146   0.3132   0.3328   0.1955   0.4055  -0.0924  -0.4132  -0.1816  -0.1640   0.0351  -0.0253   0.2378  -0.0742  -0.0715  -0.0693  -0.0605   0.3001   0.4358   0.4442   0.2113  -0.0893  -0.3490  -0.2236  -0.5602  -0.5320  -0.2608   0.1952  -0.4366  -0.0340   0.0591  -0.2329  -0.3285   0.0292   0.1016   0.4079   0.4150   0.1240   0.1252  -0.0528   0.1157   0.2377   0.3401   0.2355   0.1982   0.0192   0.0395   0.4391   0.4250   0.0224  -0.2034  -0.4034  -0.4739  -0.0455   0.2174   0.4362   0.3857   0.0646   0.1870   0.2588  -0.0569  -0.1799  -0.1980  -0.4129  -0.5468  -0.0453   0.4540   0.6011   0.3236  -0.0938   0.0318   0.6602   0.0000
2026.09.09    0.0000   0.2881   0.1572  -0.0185  -0.4612  -0.7369  -0.2961   0.3709   0.3944   0.2975   0.0057   0.1177   0.2655   0.3362   0.0941  -0.1576  -0.0747   0.1040   0.3364   0.0389  -0.1654  -0.1465  -0.1883  -0.1767  -0.1891  -0.3179  -0.3567  -0.4312  -0.6419  -0.2392   0.3835  -0.2850  -0.1202   0.0740   0.3436   0.3940   0.2453   0.2669   0.2578   0.1680   0.1143   0.0656   0.1202   0.1850   0.1799   0.2134   0.1161   0.0660  -0.1572  -0.3525  -0.2051  -0.1417  -0.1198  -0.0332   0.3658   0.3519   0.4217   0.3212   0.2533   0.2818   0.3477   0.2754  -0.1327  -0.5763  -0.6475  -0.4342  -0.2972  -0.8862  -0.8226  -0.1355  -0.1560  -0.7726   2.0000
2026.09.10    2.0000   0.8646   0.8863   0.1596  -0.0920  -0.6755  -0.5159  -0.0783   0.5625   1.0337   1.0191   0.5702   0.2110   0.0205  -0.2531  -0.5659  -0.3023   0.1953   0.1956  -0.0069  -0.2614  -0.6262  -0.4382  -0.1665   0.1831   0.0442  -0.4006  -0.7168  -0.5323   0.0241  -0.2847  -0.0189   0.1246   0.2609   0.2313  -0.0993   0.0085   0.2123   0.1941   0.2234   0.2595   0.1018   0.0865   0.1068   0.1096   0.0027  -0.1553  -0.3539  -0.7892  -0.8617  -0.6549  -0.1324   0.1650   0.3196   0.4419   0.6679   0.7305   0.5800   0.0788  -0.2723  -0.2322   0.3863   0.5947  -0.2317  -0.5443  -0.6714  -0.4413   0.2016   0.1294  -0.0819  -0.0181  -0.0718   0.0000
2026.09.11   -2.0000   0.5726   0.3961   0.5035   0.0623  -0.3520  -0.5840  -0.2821  -0.1852   0.3525   0.9609   0.8469   0.1803  -0.3568  -0.0574   0.6753   0.3044  -0.2485  -0.3309  -0.3563  -0.3316  -0.1696  -0.5151  -0.5769  -0.5344  -0.2270   0.5168   0.6025  -0.0262  -0.7290  -0.0430   0.4460   0.4968   0.3377  -0.0033  -0.0659  -0.1677   0.0160   0.1895   0.2550   0.2349   0.1545   0.0435  -0.0837  -0.2049  -0.2265  -0.1748  -0.3550  -0.4621  -0.1249  -0.0495  -0.0657  -0.0360   0.0528   0.4780   0.7210   0.5370   0.3491  -0.0314  -0.3374  -0.3685  -0.3701   0.1820   0.6873   0.3361  -0.0310  -0.1063   0.0268  -0.0146  -0.1423  -0.0830   0.1012   0.0000
2026.09.12    0.0000   0.0817  -0.1147  -0.3357  -0.3274  -0.1110   0.0774   0.1584   0.2409  -0.3411  -0.9985  -0.8558  -0.2429   0.6328   1.0471   0.9537   0.6767  -0.0535  -0.5205  -0.2139  -0.0826  -0.4950  -0.7666  -0.9163  -0.4521   0.5276   0.3494   0.0246  -0.1462  -0.2095  -0.1000   0.0647  -0.0641   0.0293   0.0401   0.1123  -0.0350   0.0403   0.1137   0.0624   0.1056   0.1394  -0.1111  -0.1345  -0.3596  -0.2163   0.1314   0.5037   0.6401   0.2317  -0.3655  -0.3950  -0.1575  -0.1278  -0.5760  -0.6633  -0.2765   0.1344   0.6329   0.3683  -0.0290  -0.1123   0.0598   0.5809   0.9226   0.6425   0.1966   0.0070   0.3310   0.4849   0.4244   0.9192   0.0000
2026.09.13    0.0000  -0.7522  -0.6604  -0.6476  -0.2295   0.3780   0.7863   0.5483  -0.1980  -0.9182  -1.0202  -0.8084  -0.5694  -0.0560   0.1708   0.3585   0.5390   0.7127   0.3453  -0.1826  -0.2365  -0.3377  -0.1469  -0.1305  -0.2380  -0.0651   0.1088   0.0249   0.0874   0.1556   0.2458  -0.1564   0.1086   0.2764   0.3863   0.1892   0.1307  -0.1060  -0.1597  -0.1703  -0.2139  -0.0261   0.0498  -0.0696   0.1242   0.3257   0.4188   0.2783   0.3817   0.3205   0.3362  -0.0972  -0.4851  -0.6213  -0.3943  -0.1012  -0.0333  -0.1214  -0.1799   0.0160   0.2005   0.0312   0.2992   0.4178   0.8666   1.0865   0.4841   0.2432   0.2054  -0.0479   0.0437   0.5105   0.0000
2026.09.14    0.0000   0.1188  -0.2961   0.0121   0.3808   0.2018   0.2392   0.0664   0.1401   0.1677  -0.3050  -0.4719  -0.2184  -0.7550  -0.7668  -0.6674  -0.3683   0.0088   0.5044   0.5522   0.0382   0.2982   0.5030   0.4213   0.2297  -0.4876  -0.5030  -0.3383  -0.0647   0.1671   0.1791   0.1355   0.3683   0.3332   0.2202   0.1408   0.0560   0.0259  -0.0359   0.0479   0.1183   0.0306   0.0387   0.0750   0.1983   0.2100   0.1050  -0.1558  -0.3507   0.1896   0.7896   0.8245   0.5577   0.3879  -0.0054  -0.5226  -1.1299  -1.1161  -0.8187  -0.1243   0.2310   0.1986  -0.2872   0.2371   0.6234   0.6330   1.0254   0.6811   0.2805  -0.1090  -0.5529  -1.0074   0.0000
2026.09.15    0.0000   1.1861   0.7359   0.0521  -0.5463  -0.4893  -0.3798   0.2957   0.6130   0.8659   0.8695   0.4840  -0.4371  -0.7352  -0.8630  -0.8048  -0.3441   0.0249   0.0384   0.0748   0.2036   0.2513   0.4538   0.6796   0.4962  -0.2580  -0.5108  -0.1286   0.0408   0.0613  -0.1826   0.0759  -0.0982   0.0484   0.1302   0.2652   0.2228  -0.0317  -0.0131   0.0530   0.1295   0.0728  -0.0094   0.0616   0.0043  -0.1110  -0.2123  -0.0624   0.3739   0.6593   0.7240   0.6259   0.2999  -0.1737  -0.2969  -0.3492   0.0324   0.0024  -0.1951  -0.4676  -0.5417  -0.3063   0.2037   0.0399  -0.3687  -0.4524  -0.0302   0.5389   0.5381   0.2367  -0.2342  -1.0162   0.0000
2026.09.16    2.0000   0.9267   0.4978  -0.2045  -0.8822  -1.0834  -0.3707   0.1641   0.5645   0.4022   0.4130   0.0581  -0.0623   0.0871   0.2648   0.4062   0.2523  -0.1834  -0.3707  -0.5627  -0.5553  -0.1903   0.0572   0.3366   0.1970   0.1049   0.0249  -0.1565  -0.0601  -0.0516   0.1528  -0.0409  -0.0998  -0.0976   0.0483   0.1935   0.1027   0.1379   0.1196   0.0485  -0.1082  -0.2047  -0.0952  -0.0625   0.0407   0.1141  -0.1167   0.1337   0.5618   0.6948   0.3869   0.1320   0.0104  -0.2054  -0.3315  -0.2313  -0.2036   0.0714   0.2953   0.2257  -0.0755  -0.1524  -0.3939  -0.4216  -0.3861  -0.0070  -0.3835  -0.7601  -0.8852  -0.6134  -0.2392   0.0221   0.0000
2026.09.17    0.0000  -1.6837  -0.3590   0.4432   0.2859   0.1284  -0.6010  -0.6673  -0.7073  -0.4990  -0.2190  -0.1637   0.1485   0.5911   0.8356   0.8311   0.2517  -0.1591  -0.2658  -0.1220  -0.2273  -0.0734   0.1405   0.0447   0.2668   0.4170   0.1459   0.0822   0.1199   0.2752   0.0789  -0.3387  -0.3028   0.0751   0.2414   0.0747   0.0539   0.2020   0.1833   0.1183   0.1187   0.0585  -0.0739  -0.0909   0.0114   0.0172   0.3288   0.6157   0.6436   0.4018   0.3927   0.1931   0.0949   0.0705  -0.3282  -0.5267  -0.3905  -0.3154  -0.1416  -0.0946   0.2026   0.0809  -0.0510  -0.1941   0.1241   0.1748   0.0267  -0.0497  -0.4852  -0.8086  -0.9696  -1.3293   0.0000
2026.09.18   -2.0000  -1.2857  -0.9398  -0.3604   0.3657   0.4639   0.2142  -0.4957  -0.8284  -1.0803  -1.2912  -0.4804   0.6071   1.1191   0.7355   0.0122  -0.3406  -0.2300  -0.2300  -0.2955   0.0262   0.0093  -0.0894   0.0152   0.3467   0.3614   0.4995   0.6054   0.4300   0.2506   0.0046   0.2883   0.1307  -0.1065  -0.0415   0.2300   0.3165   0.2383   0.2424   0.2111   0.0552   0.0158  -0.0367   0.0566   0.1614   0.3546   0.4525   0.4157   0.5407   0.5501   0.0967  -0.1180  -0.0832  -0.0200  -0.1237  -0.3377  -0.7116  -0.8689  -0.9596  -0.6111  -0.1098   0.3766   0.6153   0.8587   0.9422   0.7424   0.2482   0.0157   0.3867   0.5862   0.5045   0.3738   0.0000
2026.09.19    0.0000   1.7585   1.2933   0.6894   0.2814   0.0226   0.2900  -0.5821  -1.1799  -0.8512   0.2094   0.4827   0.2890  -0.1879  -0.0685   0.1667   0.4475   0.2026  -0.3247  -0.7594  -0.7309  -0.3957  -0.1680   0.0169   0.3812   0.5943   0.4553   0.5728   0.2752   0.0829  -0.0177  -0.1578   0.1497   0.3080   0.0834  -0.1916  -0.0922   0.1361   0.2484   0.2066   0.3150   0.2799   0.1819   0.1195  -0.0417  -0.1406  -0.0439   0.2032   0.0648  -0.4018  -0.5675  -0.3105   0.1658   0.3820   0.3627  -0.4015  -0.9383  -1.0039  -0.5761  -0.0424   0.1258   0.5402   0.9869   0.9480   0.5416   0.4523   0.6043   0.2311  -0.2997  -0.2108   0.1347   0.5803   0.0000
2026.09.20    2.0000   1.4745   0.8771   0.7640   0.8379   0.6436  -0.3398  -0.4084  -0.3053  -0.0506  -0.1640   0.1952  -0.0403  -0.0001   0.2952   0.5647   0.6690   0.4612  -0.0199  -0.5024  -0.9479  -0.9204  -0.6315  -0.3625  -0.1713   0.4789   0.8650   0.3334   0.1971  -0.0231   0.1059   0.2705   0.1356   0.1770  -0.0680  -0.0469  -0.0440   0.0583   0.2079   0.3836   0.3805   0.4198   0.0458  -0.2649  -0.3478  -0.3903  -0.4681  -0.4706  -0.4448  -0.0235   0.0628  -0.1703  -0.5161  -0.5733  -0.4529  -0.2851  -0.0717   0.1410   0.6209   1.0094   1.2110   1.2034   1.0857   0.6306  -0.0536  -0.8265  -1.5053  -1.4846  -0.8680  -0.4039  -0.2098   0.1862   0.0000
2026.09.21    0.0000  -2.0000  -1.9044  -0.9416   0.1085   0.6102   0.7045   0.2234  -0.0941  -0.1203   0.0610   0.1340   0.2492   0.6524   0.9582   0.9527   0.2258  -0.0428  -0.0758  -0.2993  -0.4181  -0.6445  -0.8825  -0.6401  -0.1811   0.2674   0.6134   0.1272   0.0280  -0.0404  -0.1416  -0.0333   0.0229  -0.0515  -0.1518  -0.1111   0.0341  -0.0477   0.0414   0.2330   0.2703  -0.1478  -0.3587  -0.3773  -0.3915  -0.4370  -0.1550   0.0652   0.0708  -0.3718  -0.7703  -0.7189  -0.6172  -0.5240  -0.1929   0.5345   0.9716   1.2035   1.1466   0.9063   0.8601   0.4452   0.0388  -0.1059  -0.2935  -0.2867   0.2452   0.5571   0.4251   0.4568   0.3253   0.0959  -2.0000
2026.09.22    0.0000  -1.1403  -1.3267  -1.0307  -0.4263   0.0165   0.2946   0.4944   0.2979   0.0132  -0.3276  -0.7004   0.0593   0.3531   0.5285   0.4292   0.4639   0.3833   0.1570  -0.0224  -0.3854  -0.7834  -0.7474  -0.3498   0.1297   0.3385   0.2825   0.4285   0.3982   0.0041  -0.3614  -0.2757   0.2023   0.1313   0.0490  -0.2076  -0.2152   0.0562   0.0620  -0.0402  -0.1194  -0.1055  -0.0388  -0.0974   0.0578   0.1459   0.0022  -0.1277  -0.6401  -0.9642  -0.7897  -0.4253  -0.1240   0.1711   0.6988   1.1968   1.2984   1.1120   0.3761  -0.0922  -0.4150  -0.2145  -0.0818   0.1385   0.4169   0.3169   0.2523  -0.1583  -0.1779  -0.4601  -0.4031  -0.3367   0.0000
2026.09.23    0.0000   0.9763   0.9639   0.7193  -0.1400  -0.5920  -0.5627  -0.1048   0.3348   0.0865  -0.1616   0.0336  -0.2170  -0.3645  -0.4452  -0.1205  -0.0251  -0.0723   0.5198   0.6698   0.5417   0.2964  -0.0105  -0.2740  -0.1323  -0.0130   0.2100   0.4681   0.4691   0.0513  -0.1920   0.0639   0.3281   0.1609   0.0226  -0.0805  -0.1173  -0.2488  -0.1858  -0.1758  -0.1138   0.1021   0.4199   0.5864   0.2732  -0.1234  -0.5663  -1.0536  -0.9514  -0.5160   0.0140   0.3769   0.6196   0.8189   0.5843   0.6489   0.8490   0.5760   0.0913  -0.3208  -0.1859  -0.0920   0.0851   0.2288  -0.5515  -1.1639  -1.3307  -0.9950  -0.9664  -0.6928  -0.6674  -0.4977   0.0000
2026.09.24    0.0000   0.0552   0.1276  -0.0679  -0.0622   0.0329   0.0759  -0.1315  -0.0086   0.2376  -0.1090  -0.2395  -0.1475   0.1052  -0.0610  -0.9204  -0.7369  -0.3156   0.1908   0.8208   0.8710   0.9297   0.6511   0.3086  -0.0944  -0.1985  -0.2014  -0.0147   0.0285   0.4671   0.3588   0.3437   0.2852   0.1006  -0.0640  -0.2274  -0.2086  -0.2006  -0.1108   0.0245   0.2826   0.5195   0.5919   0.2712  -0.3107  -0.6753  -0.6856  -0.4322   0.0538   0.4853   0.5294   0.3148   0.1619   0.2184   0.1256  -0.0943  -0.2063  -0.0537   0.3559   0.5091   0.4499   0.3678  -0.1867  -0.9844  -0.9442  -0.4196  -0.1072  -0.0431  -0.0552  -0.0328   0.3873   0.5933   2.0000
2026.09.25    0.0000  -0.8132  -0.3226  -0.4365  -0.2088  -0.0069   0.0820   0.5121   0.1328  -0.2722   0.0627   0.1896   0.3996   0.0260  -0.6122  -0.8095  -0.7821  -0.3194   0.0765   0.4937   0.9348   0.8379   0.7514   0.4635   0.0620   0.0229   0.0299  -0.1596  -0.3804  -0.2487   0.0643   0.2231   0.2343  -0.2453  -0.2316   0.1057   0.0604   0.2120   0.2758   0.3172   0.4440   0.4188  -0.0261  -0.5188  -0.4266  -0.0739   0.2705   0.7450   1.1160   1.0254   0.6029   0.0729  -0.5131  -0.7477  -0.6092  -0.6533  -0.3783  -0.0108   0.4727   0.5369   0.2658  -0.1126  -0.3836  -0.2220   0.3437   0.2830   0.3356   0.4904   0.4534   0.2704  -0.1642  -0.4676   0.0000
2026.09.26    0.0000   0.4633  -0.0819  -0.1693  -0.4881  -0.3092   0.3433   0.3910   0.2987   0.0764   0.2962   0.4900  -0.1404  -0.8303  -0.8835  -0.3908   0.0665   0.1541  -0.2111  -0.1516   0.3481   0.5794   0.4785   0.4466   0.2008   0.1795  -0.2753  -0.1771  -0.0572  -0.5062  -0.3305   0.2467   0.1830  -0.0542  -0.2625  -0.1260   0.1554   0.1091   0.1323   0.3055   0.1253  -0.0861  -0.2657  -0.1369   0.0597   0.2904   0.5532   0.5319   0.1292   0.1179   0.1998   0.2786   0.3506  -0.0664  -0.4283  -0.7240  -0.9092  -0.3712   0.0044   0.2913   0.0468  -0.4795  -0.4936  -0.0777   0.4850   0.8096   0.4561   0.3164   0.4526   0.4318   0.0891  -0.6513   0.0000
2026.09.27    0.0000  -0.4280  -0.4268  -0.0408   0.3062   0.6015   0.1983  -0.0780   0.4315   0.7982   0.3864  -0.4756  -1.1398  -0.7165   0.1046   0.2372  -0.1447  -0.1514   0.0122  -0.1146  -0.0535   0.1102   0.2384   0.4929   0.6208  -0.0366  -0.2389  -0.4315  -0.2296   0.1254   0.1277   0.1504   0.2440   0.2538   0.1425   0.0819  -0.0689  -0.0969  -0.0678  -0.0967  -0.2026  -0.2157   0.0874   0.2990   0.2455   0.1179  -0.0544  -0.1490   0.1588   0.0099   0.0454   0.3236   0.3532  -0.0899  -0.5466  -0.4251  -0.1769  -0.2216  -0.5188  -0.7431  -0.5453   0.1526   0.6018   0.2640  -0.0219  -0.0128   0.2331   0.3354   0.4205   0.3389   0.0948   0.2379   0.0000
2026.09.28    0.0000  -0.3068   0.1624   0.2629   0.1791  -0.0867   0.1399   0.5804   0.3178   0.5060   0.1650  -0.1379  -0.2235  -0.4419  -0.9794  -0.7449  -0.0530   0.3677   0.4239   0.3085   0.0023  -0.3080   0.2086   0.1956  -0.0550  -0.2764  -0.3161  -0.3856  -0.2584   0.1751   0.4982   0.3131   0.2284   0.1892   0.0689  -0.2287  -0.2825  -0.2523  -0.3043  -0.4455  -0.4175  -0.1402   0.0682   0.0923  -0.0650  -0.3575  -0.3583  -0.1446   0.1693   0.5568   0.4798   0.2967  -0.1943  -0.3984  -0.3427  -0.4103  -0.3659  -0.5708  -0.5180  -0.3370   0.0722   0.3739   0.5373   0.3764  -0.1882  -0.3428  -0.2165   0.1630   0.2568   0.0960   0.1351  -0.2034   0.0000
2026.09.29    0.0000   0.7504   0.2080  -0.0699   0.0302  -0.0190  -0.0091   0.0609   0.6968   0.6563   0.7310   0.4473   0.0206  -0.7801  -0.9901  -0.5941   0.0604   0.1586   0.0279   0.1958   0.3755   0.5833  -0.1490  -0.5236  -0.3224  -0.3744  -0.2369  -0.0141   0.0088   0.1258   0.3458   0.5508   0.1549   0.4659   0.1635  -0.1213  -0.2934  -0.3485  -0.2753  -0.3260  -0.2851  -0.3922  -0.3168  -0.1610  -0.1135   0.0922   0.1571   0.1817   0.0613  -0.0948  -0.0715  -0.1168  -0.0288   0.1682   0.3280  -0.0170  -0.5066  -0.2987  -0.2446  -0.0149   0.1340  -0.0440  -0.2604  -0.2644   0.0388   0.6024   0.8770   0.6984   0.3564   0.4285   0.6429   1.0455   0.0000
2026.09.30    0.0000  -0.4256  -0.3654  -0.2451  -0.1546  -0.0041  -0.0606   0.2786   0.4216   0.4996   0.4531   0.2294  -0.1732  -0.1860  -0.0946  -0.0117  -0.4065  -0.3020   0.0843   0.2199   0.3545   0.2133  -0.1854  -0.3915  -0.4851  -0.1178   0.0436   0.2115   0.1443  -0.0977   0.3365   0.3359   0.3253   0.1379  -0.0930  -0.2200  -0.2496  -0.1073  -0.1388  -0.1101  -0.2407  -0.5392  -0.4875  -0.2022   0.2521   0.3246   0.1130  -0.0461  -0.1200  -0.1450   0.1516  -0.0406  -0.1860   0.0030   0.0136   0.2888   0.3181  -0.2097  -0.4473  -0.3653  -0.2715  -0.2570  -0.2584   0.2792   0.6999   1.3487   1.6336   1.1188   0.8837   0.2409  -0.2197  -0.6367  -2.0000
2026.10.01   -2.0000   0.4027   0.6246   0.7145   0.4193   0.3364  -0.2208  -0.9755  -1.8446  -2.0000  -1.5834  -1.3391  -0.6519   0.0390   0.2980  -0.1271   0.0731   0.3779   1.0578   1.6105   1.1616   0.8857   1.6347   1.7521   0.6809  -0.1662  -0.5538  -0.3635   0.1350   0.7730   0.8861  -0.0967  -0.7210  -1.3137  -1.1395  -0.7458  -0.8671  -0.8309  -0.9134  -1.2268  -1.1383  -0.8593  -0.5007  -0.2093   0.1154   0.2838   0.2601  -0.0132  -0.6805  -1.1974  -1.4350  -1.1807  -0.6721  -0.4639   0.2022   0.7882   1.2502   1.0983   0.6694   0.1654  -0.3815  -0.7052  -0.9617  -0.7267  -0.8854  -1.6603  -2.0000  -2.0000  -1.7448  -0.5205   0.3490   0.3155   2.0000
2026.10.02   -1.3124  -0.4958  -1.3255  -2.0000  -2.0000  -1.6457  -0.8878  -0.6761   0.0418   0.7589   0.3859   0.6977   1.1573   0.6623  -0.1050   0.0843   0.4821   0.3459  -0.2701  -0.4975   0.0055   0.0987  -0.3077  -0.4702  -0.1655  -0.0884  -0.1171  -0.1608  -0.1584   0.2020   0.0466  -0.0812  -0.5185  -0.1592  -0.0515  -0.1859  -0.0216  -0.1098  -0.1656   0.2230  -0.0165  -0.0148  -0.1081  -0.1528  -0.3629  -0.4632  -0.1570  -0.1600   0.3028   0.1895  -0.2524  -0.2473   0.0092   0.5405   0.5502   0.7201   0.6244   0.6789   0.5118   0.1776  -0.2475  -0.9210  -1.0782  -1.1301  -0.8938  -0.4682   0.2584   0.5560   0.6515   0.3818   0.4605   1.5696   1.0199
2026.10.03   -1.3941  -0.2487  -0.0679   0.1236   0.2033  -0.3936  -0.1852   0.6139   0.6057   0.1258   0.5069   0.6097   0.4922   0.6810   0.6925   0.3232  -0.0980  -0.1986  -0.4598  -0.5245  -0.6100  -0.4836  -0.4635  -0.2557  -0.1445  -0.2559  -0.3297  -0.3368   0.1869   0.6734   0.0875   0.0001   0.0307  -0.0032   0.0986   0.2770   0.1952  -0.0099  -0.0706  -0.4365  -0.4141  -0.2942   0.1088   0.1102   0.2004   0.5480   0.5202   0.3774  -0.6297  -0.8713  -0.6121  -0.2412   0.4801   0.5604   0.3699   0.1218  -0.3683  -0.7876  -0.5443  -0.0983   0.0979   0.6572   0.7966  -0.2156  -0.5552  -0.2431   0.5245   1.0070   0.1856  -0.1643  -0.3321  -0.4967  -0.8498
